14.895230718948085 14.983688609298298 14.963300426416765 14.934689890811711 15.09991277691114 15.064096661385548 15.02007703343989 15.151320532401144 15.099205086487856 15.035951990556043 15.171023043993358 15.13176584581771 15.038346778481511 15.209973997608941 15.135225333946693 15.03759160155073 14.91329196301885 15.036804379927347 14.87297081094124 14.660241278301868 14.385193243030102 14.019186158684775 14.176892244114825 13.615049375941226 12.80111225513059 11.359297801476117 -52.56421199108277 -52.48813295986804 -52.41194035333996 -52.335648113849544 -52.259270930567624 -52.18282426723505 -52.1063243903219 -52.02978839753226 -51.95323424658227 -51.876680784169 -51.80014777503723 -51.72365593103993 -51.673433929101066 -51.65116420653945 -51.55048771723057 -51.44998826740161 -51.349700027013284 -51.249658636995576 -51.149901242220835 -51.05046652270184 -50.951394722698325 -50.85272767739221 -50.754508836768906 -50.65678328631779 -50.55959776414332 -50.463000674055706 -50.36704209418835 -50.27177378067128 -50.177249165870705 -50.08352335069114 -49.99065309042368 -49.89869677361608 -49.80771439343607 -49.71776751100049 -49.62891921014838 -49.541234043150354 -49.4547779668645 -49.369618268878156 -49.285823483208816 -49.203463295183724 -49.12260843516995 -49.04333056089163 -48.965702128144216 -48.78299914573273 -48.70356696197854 -48.62249834234581 -48.539929014105724 -48.4560173271494 -48.37094217453935 -48.22474214681202 -48.1373327508349 -48.04954407893109 -47.96160473315328 -47.87374821569185 -47.7254711972443 -47.63858887279969 -47.552598211819884 -47.467718517199046 -47.38416260900135 -47.30213545451247 -47.16416530369071 -47.086359717127124 -47.01068910048477 -46.93731073332185 -46.86637083899549 -46.74464014445138 -46.6797125769549 -46.61761165266154 -46.558434119439454 -46.50226603449124 -46.44918295238776 -6.930171873660839 -6.998292167222587 -7.066164593937145 
15.134616778933307 15.12366782500169 15.213167279333305 15.193769951788624 15.245807645691741 15.335182727369869 15.302161991798982 15.303144331114595 15.252998035104383 15.345760977151926 15.328729018538567 15.291410464221116 15.383019770837365 15.373446295630757 15.300580822933497 15.204805800978221 15.333797298456787 15.20764993070864 15.045582517203101 14.834581708695453 14.561221598919815 14.679136175906834 14.356160458214703 13.752610883652466 12.939807877519968 11.499083582859896 11.506586829200785 -52.41966914116338 -52.3423790546386 -52.26497014329061 -52.18745695483591 -52.10985483031715 -52.03217993412025 -51.954449284446326 -51.876680784169 -51.79889325199582 -51.72110645384333 -51.64334113432102 -51.59182603723383 -51.541657607417875 -51.43922207157232 -51.33693823627277 -51.23484057658919 -51.132965102593715 -51.03134939652435 -50.93003264828249 -50.82905568893267 -50.728461021846925 -50.628292851110274 -50.528597106776374 -50.42942146653678 -50.33081537334155 -50.23283004848332 -50.13551849963412 -50.038935523302456 -49.94313770115863 -49.84818338966065 -49.75413270240011 -49.66104748457971 -49.568991279031025 -49.47802928318396 -49.388228296409835 -49.2996566571762 -49.212384169478355 -49.12648201804612 -49.04202267187068 -48.95907977564946 -48.877728028815085 -48.798043051891284 -48.61330413594072 -48.53186002239531 -48.44880697277415 -48.36428430417206 -48.2784540396068 -48.191498816806075 -48.04346102945365 -47.95426003172241 -47.8647297918497 -47.77510279970008 -47.6856164393827 -47.53577123885506 -47.447386206092034 -47.359962058948156 -47.27372176326011 -47.18888169537408 -47.10565025083437 -46.96655895853385 -46.887718487661715 -46.811102161653054 -46.736869967281734 -46.665170605832 -46.54277703538642 -46.4772851515101 -46.41472016143953 -46.355180214381875 -46.298752468642675 -6.813628697098352 -6.882668397944428 -6.95145135733091 -5.515581537496303 
15.273494801463343 15.365928814059643 15.356086443671643 15.338720891186227 15.507956549501898 15.48420998575412 15.453229571138081 15.588486080136775 15.550567715375934 15.502930229897146 15.48791725501205 15.620064195832413 15.546207094196433 15.538607813487488 15.467695517719136 15.597824009257437 15.504742348170609 15.380465466403152 15.220234156040476 15.342479786582274 15.132555674411094 14.859054389171476 14.494306126442964 13.891981890560004 13.08036165093867 13.145168074594409 11.649367519422924 -52.35133906250775 -52.27293774976201 -52.19439765772486 -52.11573316318152 -52.03695945448288 -51.95809256348056 -51.87914939803616 -51.80014777503723 -51.72110645384333 -51.64204517007215 -51.5629846696238 -51.51015373185331 -51.43203448955313 -51.32780699924376 -51.22370437588333 -51.119761361115565 -51.0160142969728 -50.912501167535964 -50.80926163906247 -50.70633709823608 -50.603770688163934 -50.50160734171618 -50.39989381177287 -50.2986786979138 -50.19801246905604 -50.09794748151512 -49.998537991937866 -49.899840164528314 -49.801912071964296 -49.70481368938141 -49.60860688078344 -49.51335537722551 -49.419124746109475 -49.325982350929024 -49.23399730080831 -49.1432403891923 -49.0537840210699 -48.965702128144216 -48.879070071408705 -48.79396453064345 -48.710463380414495 -48.62864555224064 -48.44179377861906 -48.35826036613429 -48.27314525709852 -48.1865915555606 -48.09876516673907 -48.00985269344352 -47.859900563503516 -47.768832219052655 -47.67748575346354 -47.58609780094156 -47.49490988993085 -47.343426672375074 -47.25347123854661 -47.16454832473141 -47.076884828498464 -46.990700947943566 -46.90620876686688 -46.76594334542642 -46.68601870385754 -46.60841131372712 -46.5332840851344 -46.46078839706411 -46.337699620195735 -46.271615779705684 -46.208563913412235 -6.555410886952416 -6.647282569174166 -6.729407034720737 -6.799124252170174 -5.364179374265831 -5.433356370665194 
15.508617902655516 15.50772927932158 15.499971441315296 15.592619401725443 15.656033921744552 15.634391124145651 15.728730178615052 15.742878724804626 15.707063225161676 15.803951827757373 15.802653987752578 15.78282469774598 15.71103172688143 15.888584637742724 15.838232374267449 15.768724374676893 15.677617821940345 15.555285104936786 15.683129772895981 15.521080229191924 15.312985243975305 15.04126714464077 14.634251059126655 14.656131720725341 14.102013447238079 13.288812531557795 11.794149856026365 -52.28316252243147 -52.20363642632725 -52.123950817511826 -52.04411987056355 -51.96415858923427 -51.8840828403589 -51.8039093884679 -51.72365593103993 -51.64334113432102 -51.5629846696238 -51.48260725000779 -51.42843765625193 -51.32232197015841 -51.216269416040745 -51.110313339767146 -51.004488706674096 -50.89883214908079 -50.79338201276212 -50.68817840205219 -50.583263223218864 -50.47868022571754 -50.3744750408988 -50.27069521771156 -50.16739025490736 -50.06461162921866 -49.96241281894885 -49.86084932237915 -49.75997867036554 -49.65986043247008 -49.56055621594348 -49.46212965685373 -49.36464640263631 -49.268174085329775 -49.172782284752856 -49.07854248088202 -48.985527994696724 -48.89381391678114 -48.80347702300051 -48.7145956766139 -48.6272497162407 -48.541520329168065 -48.457489909571564 -48.26844479725318 -48.18274104404148 -48.09548246723119 -48.00681616584154 -47.9169121487044 -47.825961217918405 -47.67401408168135 -47.58099852735987 -47.48775704063047 -47.394530675760365 -47.30156538827137 -47.14837024214546 -47.056772701430845 -46.966281813708264 -46.877128700347754 -46.78953767017097 -46.70372477872863 -46.56222889300594 -46.48116764943259 -46.402520919966264 -46.32645477496803 -46.253123490384155 -46.12930504884278 -46.06259978249679 -6.398102025475026 -6.491253252074472 -6.562205143050221 -5.12848799028211 -5.211026704745763 -5.281143060647423 -5.350975930092062 
15.649180140235956 15.650425516452529 15.746180404316362 15.739617741907097 15.805196473372376 15.900885082723363 15.882236691347032 15.898560244846152 15.99715379633244 15.963976472090508 15.964841136580688 15.94716433233701 16.04496917357234 16.057186411565652 16.008937080848554 15.941508565949036 16.07642895425127 15.983603206702256 15.861974577360144 15.701873090185401 15.49568345514598 15.181676650699814 15.258313776231219 14.799249940890277 14.246420114313679 13.43445953663084 11.940985998989419 -52.215160068464314 -52.134495851613394 -52.05365059402047 -51.9726382349362 -51.89147355963638 -51.81017223535821 -51.72875084807825 -51.64722694007517 -51.565619048207935 -51.48394674282741 -51.402230667226036 -51.320492577514244 -51.212548680724296 -51.104637796065106 -50.99679338289255 -50.88905058272104 -50.78144627167552 -50.67401911210541 -50.56680960302239 -50.45986012899064 -50.35321500706155 -50.24692053130843 -50.14102501447792 -50.03557882623659 -49.930634427451025 -49.82624639990124 -49.72247147078758 -49.61936853135481 -49.516998648920094 -49.41542507156015 -49.3147132246817 -49.21493069867594 -49.11614722683768 -49.018434652717104 -48.92186688606856 -48.82651984656411 -48.73247139445613 -48.639801247399674 -48.548590882686284 -48.45892342419512 -48.370883513439 -48.284557164168916 -48.093234496039486 -48.00527549438303 -47.915788055384695 -47.824923492363496 -47.73285615211205 -47.63978128479192 -47.48575414137591 -47.390707129503056 -47.29548741360958 -47.20034076446504 -47.10551786944697 -46.95053251583434 -46.85721685713415 -46.765084570088476 -46.67437131751174 -46.58530583382438 -46.49810845577065 -46.35532215843705 -46.27306848477215 -46.19333098371635 -46.11627914600942 -46.042070385543155 -6.144060967780575 -6.238892063770663 -6.333357535732944 -6.405304114500154 -4.972571427274005 -5.043943171677512 -5.1271647287406665 -5.197951370964802 -4.389247496654463 
15.79056450802517 15.889402254089958 15.891969567852684 15.988994905375264 16.063358613388942 16.05336550870581 16.036961279625814 16.178745391126256 16.15637245892988 16.12543954292832 16.270971552709597 16.26715048124389 16.21311863371166 16.22753806972665 16.364577082523198 16.31784237574186 16.253257193013596 16.162534121614527 16.042973361161188 15.884900756050556 15.967888513719316 15.717035445111506 15.40198000661249 14.944308252459464 14.392824289536236 13.582160017091951 12.089929914367161 12.151187481258177 -52.03933088613962 -51.95731208505404 -51.87510357464481 -51.7927198858136 -51.71017644945863 -51.62748963547551 -51.544676792698596 -51.46175628971963 -51.378747556507335 -51.29567112673715 -51.212548680724296 -51.10274482434994 -50.992942233518846 -50.88317442810256 -50.77347667334783 -50.66388603757062 -50.55444144924738 -50.445183753158375 -50.3361557652004 -50.22740232544655 -50.11897034898976 -50.01090887406406 -49.903269106893646 -49.79610446267486 -49.68947060205153 -49.58342546239837 -49.47802928318396 -49.37334462464102 -49.269436378932426 -49.166371772963714 -49.06422036196079 -48.963054012904706 -48.86294687689488 -48.763975349501294 -48.66621801816356 -48.56975559570466 -48.47467083904962 -48.38104845227542 -48.288974973172344 -48.19853864256626 -48.10982925574112 -47.91614089134205 -47.825837664693324 -47.73403176471871 -47.64087895007748 -47.54655815339365 -47.451269337019085 -47.29507257428983 -47.19790518713398 -47.10061932591819 -47.00346579671739 -46.90670034743087 -46.74984182515249 -46.65472741497396 -46.56087576807181 -46.46852743446854 -46.37791591761129 -46.2892661735668 -46.14512561528977 -46.06162001053153 -45.98073688888314 -45.90264944741958 -5.98154083321441 -6.077736223225088 -6.173552020907977 -4.742127108779641 -4.814798719115203 -4.887170770329078 -4.959240702451325 -4.15181140966439 -4.235411703459732 -4.306562368605256 
16.02268544344048 16.03385166113813 16.13409042536847 16.138007336544106 16.21467134269932 16.314908663085504 16.308062158136863 16.337006616249084 16.31695709278317 16.420581899099858 16.436196557665568 16.434686079339784 16.382953902064216 16.56711698816723 16.5389643529233 16.49447430080913 16.43210751043779 16.34357237458191 16.4776248202611 16.312046195201745 16.110442561293965 15.861127751414784 15.547570266085799 15.091352588117914 14.541275241342788 14.611161345405947 13.745430695334846 12.303537903723708 -51.94437861943331 -51.861172652506895 -51.77775350810538 -51.694135424791085 -51.610333558165365 -51.526364022143355 -51.44224393133672 -51.357991444488704 -51.27362580889201 -51.18916740570498 -51.104637796065106 -50.992942233518846 -50.881214505210835 -50.76948813356361 -50.65779844987742 -50.54618265757506 -50.43467989511487 -50.323331298221575 -50.21218006104246 -50.10127149579489 -49.99065309042368 -49.88037456374121 -49.77048791747288 -49.66104748457971 -49.55210997317994 -49.44373450533698 -49.335982649932504 -49.22891844879035 -49.12260843516995 -49.01712164370201 -48.912529610797776 -48.80890636452784 -48.70632840293695 -48.60487465974231 -48.504626456351104 -48.40566743913698 -48.30808350092937 -48.21196268570219 -48.117395075497456 -48.02447265868756 -47.933289178770366 -47.73714285893578 -47.64440214920174 -47.55018375518185 -47.454648123984526 -47.35797903602554 -47.260381446119766 -47.10192054776155 -47.00253889143144 -46.90309394282872 -46.80384188626289 -46.70504388471571 -46.54622420911261 -46.4492254471559 -46.353571599790115 -46.25950848095334 -46.16727473806384 -46.07710031638794 -45.931537428128536 -45.846716415216065 -45.76462912173284 -5.8169902702689456 -5.91458819724852 -6.011791851875245 -4.581416863145648 -4.655127134432632 -4.728526582934961 -3.9224178612001026 -3.995188273713808 -4.067640982032202 -4.151915467758499 -3.600800604612729 
16.16566466899107 16.269084817325194 16.2817350596913 16.288009728291513 16.468412151036787 16.46966605245356 16.465212016852433 16.611716694520112 16.602122140386655 16.58493662580682 16.602951976229207 16.746264837929175 16.708543660879855 16.74102413176763 16.71522608019947 16.673069241342574 16.814648991340775 16.75072695611182 16.663047704945726 16.45479106767752 16.254830311241705 16.00712109030769 16.08825564043913 15.722708030165222 15.314750672031849 14.763128196244423 13.898759595387844 12.458168736128187 -51.87723083380553 -51.79282438806504 -51.70818042157356 -51.62331284048196 -51.53823648387015 -51.452967167338784 -51.367521727889255 -51.28191807004407 -51.19617521314723 -51.110313339767146 -50.99679338289255 -50.88317442810256 -50.76948813356361 -50.655767961017744 -50.54204924459913 -50.42836925994109 -50.314767293260985 -50.201284710068734 -50.087965023101106 -49.97485395903561 -49.86199952348909 -49.7494520637525 -49.63726432865931 -49.52549152492733 -49.414191369256 -49.30342413540134 -49.19325269539115 -49.083742553983484 -48.97496187541441 -48.866981501424846 -48.75987495950531 -48.653718460251866 -48.548590882686284 -48.44457374636383 -48.34175116907201 -48.240209808915836 -48.14003878959355 -48.041329607690415 -47.94417602086307 -47.84867391585081 -47.75492115534047 -47.55622029875755 -47.46094434362155 -47.36421474637612 -47.26619689805585 -47.16707970345175 -47.067073407042386 -46.90624863953022 -46.80455351578138 -46.70285117006645 -46.601403533874304 -46.50047756789496 -46.339603360842176 -46.24062930565151 -46.14308516135969 -46.047222416605564 -45.95328527254148 -45.85073607233909 -45.70367821664399 -5.5509147505594 -5.650359806192341 -5.749400085267098 -4.3436373973022455 -4.418734879735126 -4.49351253312895 -4.567967536864273 -3.762902559204548 -3.8367049306827994 -3.9101778484413217 -3.983319550856379 -3.4332015287193087 -3.5178177281207894 
16.39431079085429 16.41522305322701 16.520214332278158 16.534384826662404 16.621835708058413 16.62554882862915 16.731485901997758 16.7725491980257 16.76543951117256 16.873955026655494 16.903478910544976 16.91703875820545 16.881791989247816 16.916734931451757 17.06084179463565 17.03675779155239 16.99763339539429 16.936082983706896 16.805843439530932 16.59933504998486 16.687255153609968 16.486504446275077 16.23782565949074 15.873867094498323 15.46744882402848 14.917311371257085 14.054369637808406 12.615143439401265 -51.78326486428287 -51.697644975092715 -51.61176233313873 -51.525630469949846 -51.4392638645501 -51.35267798940245 -51.26588935783283 -51.17891557289701 -51.09177537763895 -51.004488706674096 -50.88905058272104 -50.77347667334783 -50.65779844987742 -50.54204924459913 -50.4262643254109 -50.31048097110025 -50.1947385469536 -50.07907858034025 -49.963544835868476 -49.84818338966065 -49.73304270223943 -49.61817368945907 -49.50362979085526 -49.389467034723026 -49.27574409916653 -49.162522368296834 -49.04986598268505 -48.93784188310903 -48.82651984656411 -48.71597251344161 -48.606275404716 -48.497506927924036 -48.389748370667206 -48.283083880326444 -48.17760042864654 -48.07338775982828 -47.97053832076372 -47.86914717206571 -47.769311878577895 -47.67113237811239 -47.574710827247344 -47.37335431906507 -47.27544061927921 -47.17609617948136 -47.07549160270119 -46.97382120979276 -46.87130084978796 -46.70800692795996 -46.60389348233318 -46.49982969451651 -46.396083640157 -46.29292849068628 -46.129900579162324 -46.02885454093271 -45.91855334132876 -45.820800584727664 -45.72507347793436 -45.6316131987916 -5.38065313758014 -5.481598220653609 -5.582122323449312 -4.177827216383122 -4.277494897944905 -4.353369811521702 -3.5497148533277425 -3.62491710525552 -3.69977954042119 -3.7743001963341953 -3.225550384696021 -3.2993825947541495 -3.372868605359173 -3.4460073895147616 
16.538804738115914 16.647074431601524 16.66964920801223 16.686322399786633 16.871691532056246 16.8839121271743 16.891033819746156 17.042579949941 17.045281172461188 17.041210366735555 17.07331045873775 17.089444135684573 17.19919355855899 17.248319549738397 17.24091449130205 17.219353824588723 17.1827288355596 17.280420846539087 17.1743706536121 16.99717166002587 16.8354216858514 16.636422780540528 16.389453338265753 16.027157308393626 15.622350373518643 15.073768651475461 14.212322648054027 12.77452781883511 12.837596199298929 -51.6027705890377 -51.51563579526916 -51.42822522826458 -51.34055296111413 -51.25263407578436 -51.16448471312344 -51.076122124525 -50.9875647252114 -50.89883214908079 -50.78144627167552 -50.66388603757062 -50.54618265757506 -50.42836925994109 -50.31048097110025 -50.19255499742658 -50.074630707724 -49.956749716085966 -49.838955964725784 -49.72129580631929 -49.60381808534319 -49.48657421782798 -49.369618268878156 -49.25300702724081 -49.136800076130555 -49.02105985944104 -48.90585174239649 -48.79124406561505 -48.67730819147755 -48.56411854161556 -48.45175262425744 -48.34029105009844 -48.229817535296405 -48.120418890136506 -48.012184991863506 -47.90520874014632 -47.79958599362419 -47.69541548598656 -47.59279872006525 -47.49183983846862 -47.392645469368546 -47.188527442096614 -47.08786851877716 -46.98580040051229 -46.88249918311132 -46.77816491069254 -46.67301937013943 -46.50714510002504 -46.400502444651266 -46.29396703903436 -46.17704053379322 -46.071548749760666 -45.90626173003895 -45.803040827367084 -45.70142869041348 -45.601689543670204 -5.105241535420419 -5.208163273673051 -5.310652467521095 -3.9083103543673587 -4.009918445523397 -4.111078954741885 -4.188082223842827 -3.38554256009445 -3.461847075994143 -3.5377987864644638 -2.99046880192563 -3.065709433196872 -3.1405923021451656 -3.2151162449010258 -2.807002389752128 -2.8808058648450157 
16.764266085180452 16.79481917060683 16.904847219983523 16.929130666960646 17.027169278164592 17.042008494240747 17.153131837852953 17.20595961060397 17.211319593612302 17.209914626051443 17.367897674745507 17.39572230243803 17.37590111476075 17.427683359950336 17.42292147848667 17.571444671200013 17.50828114024904 17.424826563988177 17.32070970192251 17.14541440564335 16.985534122605713 16.78836641713204 16.543185104233956 16.57575699128779 16.2617884565434 15.85548661013648 15.25187736989929 14.451556515765631 13.01166299294367 -51.53715655246887 -51.448756552011616 -51.36005326804633 -51.271060319483894 -51.1817923478641 -51.092265069967624 -51.00249533231624 -50.912501167535964 -50.79338201276212 -50.67401911210541 -50.55444144924738 -50.43467989511487 -50.314767293260985 -50.1947385469536 -50.074630707724 -49.95448306508138 -49.834337237049624 -49.71423726112778 -49.594229685216135 -49.474363657985265 -49.35469101809696 -49.235266381611524 -49.11614722683768 -48.99739397579964 -48.879070071408705 -48.761242049338335 -48.643979603509734 -48.52735564400271 -48.41144634611402 -48.29633118919432 -48.182092983807735 -48.068817885676026 -47.95659539479567 -47.845518338053125 -47.73568283361351 -47.62718823532677 -47.52013705538201 -47.41463486345421 -47.31079016062779 -47.208714226453196 -47.0017238335347 -46.89820697561805 -46.793300867438916 -46.687187391082404 -46.58007263695566 -46.47218468215647 -46.30361257968386 -46.183550392664955 -46.074426637436545 -45.96574999555739 -45.857807433480815 -45.69014919772766 -45.584643874763856 -45.48084132833725 -4.928858527111714 -5.033388304800695 -5.137467592626734 -3.7366975812582552 -3.839859758207581 -3.942556334628904 -3.1415255390428456 -3.2193276670404316 -3.296765479669176 -3.3738368399264402 -2.8276129200229434 -2.9039461023427577 -2.9799080892403538 -2.5732198754573545 -2.6484364752800076 -2.723279329525141 -2.7977480131736314 
16.91017527580624 17.02357594890512 17.055987874743664 17.082927593922932 17.273576881101462 17.29658496994452 17.31503272742613 17.370598026854708 17.4866291642401 17.49522517353364 17.54081327564043 17.571406310110476 17.686586876970964 17.751322107579597 17.760934610569038 17.758135672717515 17.652376764014775 17.57096413589609 17.46886441462965 17.51953152346924 17.389090606850516 17.22854443567121 17.030516505701385 16.744236470029293 16.432037082451558 16.027445805832556 15.425483660615384 14.615967477364748 13.177578087362377 -51.44347684934468 -51.35379905543519 -51.26378949827776 -51.17346129197833 -51.08282858512368 -50.99190661601179 -50.90071177001471 -50.80926163906247 -50.68817840205219 -50.56680960302239 -50.445183753158375 -50.323331298221575 -50.201284710068734 -50.07907858034025 -49.956749716085966 -49.834337237049624 -49.711882674279565 -49.589430069675956 -49.46702607602063 -49.34472005696682 -49.22256418639111 -49.10061354642926 -48.97892622343167 -48.85756340098254 -48.73658944903059 -48.61607200807839 -48.496082067273676 -48.376694035138314 -48.257985801563706 -48.14003878959355 -48.02293799540928 -47.90677201483396 -47.79163305457601 -47.67761692635159 -47.564823021955306 -47.45335426729568 -47.343317053382236 -47.23482114224541 -47.12797954579591 -47.02290837569058 -46.812929558304376 -46.70643656047568 -46.598572383987175 -46.48952500324174 -46.36873389761527 -46.25797979910453 -46.086585683292554 -45.97452576093008 -45.86268991056184 -45.751367335516676 -45.64085266071905 -45.470703882478404 -4.643432413739902 -4.750082474847943 -4.8562692756315755 -4.961986647309658 -3.562835742137594 -3.6675980333352243 -3.771875740013968 -2.9720394031137687 -3.0510215323088232 -3.12962493803073 -2.5849205655854917 -2.6627605973318396 -2.74021656076269 -2.817287229300092 -2.411693697909314 -2.4879910886539136 -2.5639009569416515 -2.2462954879834314 -2.3214295963139904 
17.13267296565826 17.172824111042473 17.28818893795497 17.322517325996955 17.431031829651346 17.456828341699406 17.573483577764648 17.637848515352346 17.655358741768197 17.666813112623544 17.83042960519998 17.871946850047777 17.866786094178934 17.934389354032135 17.946860730051398 17.901751040929796 17.965599618060367 17.901963289003334 17.820502664287062 17.671607411833577 17.5432093457635 17.39544030891392 17.199372587712432 16.90422972930088 16.593886117993563 16.191090371758804 15.590858033522608 14.783000470452734 13.346193101006392 -51.350219106256816 -51.259251449051874 -51.16792257010445 -51.07624502571082 -50.98423241637116 -50.89189944463567 -50.7992619753399 -50.70633709823608 -50.583263223218864 -50.45986012899064 -50.3361557652004 -50.21218006104246 -50.087965023101106 -49.963544835868476 -49.838955964725784 -49.71423726112778 -49.589430069675956 -49.46457833670411 -49.339728719932936 -49.21493069867594 -49.090236683998455 -48.965702128144216 -48.841385632449516 -48.71734905286422 -48.59365760209204 -48.470379947248716 -48.34758830182014 -48.225358510578815 -48.103770125993265 -47.98290647453874 -47.86285471119186 -47.74370586027089 -47.625554840666496 -47.50850047340194 -47.392645469368546 -47.278096395005434 -47.16496361363977 -47.05336120017566 -46.94340682682619 -46.83522161762582 -46.62213286548135 -46.51253975707775 -46.390818366903744 -46.27870907259447 -46.16565809388101 -46.05190722432107 -45.87755978356358 -45.762597598358724 -45.64791840144065 -45.53381945342352 -45.42060359950568 -4.46047183112691 -4.56885003419336 -4.676745031323577 -3.2797573398877375 -3.3866678563613846 -3.49307827771824 -2.719789303754851 -2.8003773711757276 -2.880573883346898 -2.9603765081911035 -2.4168562641220603 -2.495865418078722 -2.574475592567296 -2.1704077354847726 -2.2482168448371027 -2.3256243734321203 -2.402629934358302 -2.0861058467028357 -2.1623071643939653 -2.2381066008660895 
17.279875769742546 17.398702989936268 17.4409286187435 17.478075559513258 17.67433757711109 17.708043249300232 17.737671025822493 17.80496122893213 17.926782691223153 17.947751068112467 18.006419014996567 18.050915916391943 18.048737976573207 18.25155783180996 18.232248007734796 18.20101774628506 18.11305177091394 18.05163705068756 17.983148179349698 17.836423068684354 17.710161906989754 17.553717780203158 17.6458698619586 17.398012683838004 17.151296152535778 16.839536585414976 16.38177119750732 15.831926523396902 15.021982459430163 13.527616148077783 -51.19542612534576 -51.10276543674317 -51.009725025104586 -50.916317885106935 -50.82255812342788 -50.728461021846925 -50.603770688163934 -50.47868022571754 -50.35321500706155 -50.22740232544655 -50.10127149579489 -49.97485395903561 -49.84818338966065 -49.72129580631929 -49.594229685216135 -49.46702607602063 -49.339728719932936 -49.212384169478355 -49.08504190952519 -48.95775447893422 -48.83057759215313 -48.703570259967165 -48.57679490850728 -48.45031749549733 -48.32420762259741 -48.19853864256626 -48.07338775982828 -47.94883612288589 -47.82496890687247 -47.70187538439296 -47.57964898265308 -47.45838732473689 -47.33819225275846 -47.21916983049218 -47.10143032298197 -46.98508815054737 -46.87026181454968 -46.757073792262645 -46.6456503982117 -46.429324505347836 -46.30572827462234 -46.191563128245576 -46.076257195126885 -45.9600368025433 -45.843151210681384 -45.665711540760725 -45.54770773022872 -45.430045900275815 -45.31303194066277 -4.274934447475204 -4.385095430000177 -4.494752114069684 -3.0995049706694147 -3.2081348788843513 -3.316243544965147 -2.5446317024722305 -2.626486025493108 -2.707932751458287 -2.1660426421131547 -2.246667739515402 -2.326879470971363 -1.9243986168720966 -2.0037800335373532 -2.0827450561414906 -2.1612932025277445 -1.8462967173588964 -1.924010599484447 -2.0013075252182233 -2.0781878771811506 -1.8232039819968975 
17.499568032928195 17.549327632777945 17.67034486951205 17.71471579136457 17.833668887987116 17.870343418821733 17.992899335009753 18.068680173802505 18.098151458994167 18.122185686129313 18.291855212483426 18.346684720457205 18.355657273954336 18.393677854768058 18.376722933104787 18.347840135006322 18.427037253150644 18.381345029018206 18.320026607277924 18.194104313132556 18.09241488474686 17.965653920232484 17.80849897933362 17.56274412422495 17.318072977703935 17.008295543269924 16.55244267047179 16.00443451785185 15.196244639265132 13.703543914993588 -51.10230404357196 -51.00829967364419 -50.91388347465784 -50.81906777514803 -50.723866022944236 -50.628292851110274 -50.50160734171618 -50.3744750408988 -50.24692053130843 -50.11897034898976 -49.99065309042368 -49.86199952348909 -49.73304270223943 -49.60381808534319 -49.474363657985265 -49.34472005696682 -49.21493069867594 -49.08504190952519 -48.95510305837081 -48.82516669033603 -48.69528866135886 -48.56552827267589 -48.43594840433124 -48.30661564667153 -48.17760042864654 -48.04897714158818 -47.9208242569826 -47.793224436587565 -47.66626463307705 -47.540036179223506 -47.41463486345421 -47.29016098944737 -47.166719417269064 -47.0444195833976 -46.92337549684416 -46.80370570846205 -46.68553325044877 -46.568985542994085 -46.44342126866971 -46.22372508556566 -46.107535378409665 -45.990014231338364 -45.87136985033402 -45.75183606003833 -45.631670019995056 -45.45099113252502 -45.32979797170174 -3.974228857108983 -4.086749402181567 -4.198750338340375 -2.8058313964922093 -2.9167727857062857 -3.0271756078692817 -2.2578400536502556 -2.3671512969348782 -2.475910678973321 -1.9357179978043746 -2.0180256129830525 -2.0999047295430557 -2.181353866788413 -1.7800939289879096 -1.8606799063045827 -1.9408332766939367 -1.6274261982796503 -1.706713605040747 -1.7855681285127076 -1.8639901251491011 -1.6105319126267545 -1.6880907144273465 -1.765219211015733 
17.716043545732973 17.77248054851067 17.82455108745073 17.871911464953172 18.074138060674642 18.118528029423885 18.15928160021099 18.238188390608173 18.36620911300244 18.399388621690164 18.47088573068558 18.528924017177047 18.541115029907104 18.6604384162398 18.654956560891307 18.649486201431472 18.577917152108938 18.534645484363438 18.4757270037625 18.35217838163382 18.252830448642896 18.128372661325344 17.973476227524998 17.729928675260723 17.48740694334684 17.179714238219717 16.725874540223757 16.179801111455532 15.373460630612897 13.882517175827687 -51.00972154945768 -50.91436230052281 -50.818558063556594 -50.7223204380918 -50.625662147310805 -50.528597106776374 -50.39989381177287 -50.27069521771156 -50.14102501447792 -50.01090887406406 -49.88037456374121 -49.7494520637525 -49.61817368945907 -49.48657421782798 -49.35469101809696 -49.22256418639111 -49.090236683998455 -48.95775447893422 -48.82516669033603 -48.69252573513643 -48.55988747635075 -48.42731137219971 -48.294860625155906 -48.16260232986161 -48.03060761871103 -47.898951803725936 -47.76771451317731 -47.63697982122068 -47.50683636861845 -47.37737747242329 -47.24870122229228 -47.120910560897784 -46.99411334570013 -46.86842238915597 -46.743955474257035 -46.62083534213849 -46.48841665201891 -46.368377888073724 -46.25008326450407 -46.02687744816106 -45.907178297428544 -45.786154851614754 -45.66402274716319 -45.54102370674502 -45.417423242082776 -45.233349542189956 -3.7813990595481926 -3.8958430074246735 -4.0097437618857725 -2.618700997433365 -2.731494901829649 -2.8437265878352775 -2.076196286447015 -2.187289238784274 -2.2978068778593297 -1.7589407379277304 -1.842557152557191 -1.9257274434929457 -1.526172329390917 -1.6084466452508792 -1.690271742146976 -1.7716471880501246 -1.4594453091794293 -1.5399212147513168 -1.619947717810831 -1.3680771223785086 -1.4472066560654753 -1.5258890198638824 -1.6041253327987306 -1.3957504672281544 
17.86490249827081 17.92432740134774 18.05132783584328 18.105795229258064 18.235217044260196 18.36301304152491 18.411616082923302 18.49878598074318 18.540138490336233 18.576607055176382 18.75278288168691 18.82070539258794 18.798700319525324 18.816185819042317 18.813256247252397 18.799561674258143 18.730533853206964 18.84384467144187 18.80083873851305 18.695421530221708 18.6170599989036 18.51735266782623 18.392312239564347 18.18578972843673 17.990810349007504 17.746991248773128 17.384422558011977 16.981037648371625 15.553721832220205 14.064633990936656 -50.949326994353015 -50.85260240279072 -50.755398609646704 -50.6577264201097 -50.55959776414332 -50.42942146653678 -50.2986786979138 -50.16739025490736 -50.03557882623659 -49.903269106893646 -49.77048791747288 -49.63726432865931 -49.50362979085526 -49.369618268878156 -49.235266381611524 -49.10061354642926 -48.965702128144216 -48.83057759215313 -48.69528866135886 -48.55988747635075 -48.424429758208845 -48.288974973172344 -48.15358649827215 -48.018331786873176 -47.883282532904985 -47.748514832376 -47.614109340572384 -47.48015142313227 -47.34673129896737 -47.21394417277236 -47.08189035462652 -46.950675363949756 -46.82041001483438 -46.69121047953894 -46.563198326705134 -46.425727534307555 -46.300476451598456 -46.176809760875216 -46.05487036196112 -45.82800912603105 -45.70465064016864 -45.57997120183211 -45.454194235224776 -45.32756977496203 -3.468715330334703 -3.5857071039444577 -3.702138605237053 -2.313608640738238 -2.428896615276642 -2.543602938168874 -1.7785272112076314 -1.8920541155897865 -2.004984589008018 -1.4943879953399062 -1.5798160448467797 -1.6647809512297727 -1.2670032201822465 -1.3510375081375088 -1.4346050195145637 -1.517705205207747 -1.207210301749157 -1.2893753540052586 -1.3710731340841136 -1.4523041660908262 -1.2016209600023728 -1.2819209539846383 -1.3617570634616811 -1.1549642120881316 -1.2338767315245747 -1.312329871186435 
18.078807928589725 18.14484392691037 18.206838509586788 18.33637062786144 18.47303666606271 18.528167227947364 18.580071476495263 18.755479626413077 18.805239186553734 18.850581169817104 18.934794234896884 18.972581995898622 19.061140971053618 19.077746311527306 19.085526417404395 19.083511377184294 19.027328844584815 19.000851885838784 18.960469906949328 18.857653311033246 18.781862396973594 18.68468872549181 18.562137752814024 18.358052993991038 18.16545194801955 17.92394387292711 17.56361088371976 17.162378264557105 16.616318200778835 15.754389657387946 14.317069942487578 -50.760345392726066 -50.66173132308285 -50.56261272836795 -50.463000674055706 -50.33081537334155 -50.19801246905604 -50.06461162921866 -49.930634427451025 -49.79610446267486 -49.66104748457971 -49.52549152492733 -49.389467034723026 -49.25300702724081 -49.11614722683768 -48.97892622343167 -48.841385632449516 -48.703570259967165 -48.56552827267589 -48.42731137219971 -48.288974973172344 -48.150578384346915 -48.012184991863506 -47.87386244363282 -47.73568283361351 -47.59772288455923 -47.46006412759678 -47.32279307676214 -47.1860013963736 -47.04978605885765 -46.91424949036946 -46.779499701267014 -46.6456503982117 -46.50204807803402 -46.37036407765882 -46.23995663082661 -46.11096285426888 -45.98352571363725 -45.85779394262815 -45.62712481015413 -45.49994987817013 -45.37145300494112 -45.24186576497536 -3.267996965325608 -3.387070069166839 -3.5055564163107533 -2.1190547441710237 -2.2363444312748584 -1.473831102790598 -1.5898987999133851 -1.705347893910897 -1.820174229908588 -1.3114473089663932 -1.3982850323079106 -1.4846398507581569 -1.0882324249232198 -1.1736175795122818 -1.2585166991293164 -0.9498019149339001 -1.0337281949837092 -1.1171682609397493 -1.2001226107610847 -0.9511437506530172 -1.0331291355828967 -1.1146317166669633 -1.1956528835884228 -0.9900277978223784 -1.070091031185612 -1.1496780750031093 -1.22879098018619 
18.228538239075164 18.36231237609826 18.431056221469532 18.495723621836476 18.635702256049044 18.770119506303644 18.829753040916074 18.92836700529007 18.98161866302536 19.120419459996043 19.18054601945856 19.216260126009075 19.206200041369556 19.225565275833503 19.23611333572603 19.23686921444576 19.183455069699676 19.302166818933102 19.276155878456564 19.189466695231886 19.13201854982134 19.0560379848051 18.958438323947604 18.78440332594886 18.342846529932828 18.103774319856086 17.745800085109863 17.346840341570214 16.802958468837232 15.943104658846792 14.507747554281536 -50.668759884885844 -50.56872568413547 -50.468149711530714 -50.36704209418835 -50.23283004848332 -50.09794748151512 -49.96241281894885 -49.82624639990124 -49.68947060205153 -49.55210997317994 -49.414191369256 -49.27574409916653 -49.136800076130555 -48.99739397579964 -48.85756340098254 -48.71734905286422 -48.57679490850728 -48.43594840433124 -48.294860625155906 -48.15358649827215 -48.012184991863506 -47.870719316944076 -47.729257131801404 -47.5878707477365 -47.44663733467675 -47.30563912499866 -47.16496361363977 -47.024703752299786 -46.88495813523352 -46.74583117382383 -46.60743325679465 -46.45910789623895 -46.32252383372605 -46.187037157119875 -46.05278335056792 -45.91990432765874 -45.78854842076669 -45.65887032494595 -45.424233886854495 -45.29307788052952 -2.942342180600832 -3.0641748088337977 -3.185401551875259 -1.8016201224238841 -1.9216089783257928 -2.0409677180156507 -1.2804952584094167 -1.39857571235666 -1.5160095568464271 -1.0098657943707678 -1.1259950279568613 -1.2142867843066085 -0.8197968287860959 -0.9070797894278684 -0.9938568920430129 -0.6870001439921936 -0.7727644218246184 -0.8580223854549018 -0.9427744984950976 -0.6955732579959033 -0.7793161329021814 -0.8625561095176408 -0.9452946321303557 -0.7413669345668694 -0.8231076771855754 -0.9043524545940187 -0.9851034343784164 -0.8139028865590916 -0.8936733517497402 
18.43987024297344 18.515633978897483 18.6522602143082 18.723824511343082 18.87098528616916 18.936972896331497 19.076049611152413 19.182551736429645 19.254841926827794 19.31239844837225 19.321215320478444 19.359763466793822 19.453924635067665 19.48271640389771 19.503388040575885 19.51508592157822 19.473584526554305 19.462946020287802 19.439808253149664 19.355973150773224 19.30135251546423 19.2281650059317 19.13331568233295 18.961979693117314 18.80922781349051 18.618007077542146 18.32420282060845 18.01679561273592 16.99294009451492 16.135283181207413 14.70200603937188 -50.61079519328209 -50.50933194265136 -50.40728856181531 -50.27177378067128 -50.13551849963412 -49.998537991937866 -49.86084932237915 -49.72247147078758 -49.58342546239837 -49.44373450533698 -49.30342413540134 -49.162522368296834 -49.02105985944104 -48.879070071408705 -48.73658944903059 -48.59365760209204 -48.45031749549733 -48.30661564667153 -48.16260232986161 -48.018331786873176 -47.87386244363282 -47.729257131801404 -47.584583314477015 -47.439913314815556 -47.29532454616381 -47.15089974203991 -47.006727184011964 -46.862900925215854 -46.71952100691769 -46.57669366517027 -46.42375852788615 -46.28238077668823 -46.14191332419961 -46.002488929180856 -45.864247299364166 -45.7273351547386 -45.59190624925208 -45.45812134492883 -45.21935102808442 -2.733062951417935 -2.8571550986306136 -2.9806114816616116 -1.5990297278298442 -1.721188262250621 -0.9634919015966545 -1.0843240124474391 -1.2044844149944822 -0.7010415379565984 -0.8198454875577568 -0.9379661243784483 -0.5454803462292404 -0.6347466462230358 -0.7234860649506487 -0.8116979747631348 -0.5062546118706308 -0.5934110924523708 -0.6800403254258214 -0.43469479207502104 -0.5202719716576496 -0.6053248846671693 -0.6898550314069496 -0.48769772163522873 -0.5711877097822224 -0.6541607010158117 -0.7366189884365184 -0.5671049811073061 -0.6485413708895322 -0.7294708502163445 -0.8098962804949821 
