-55.00722025465757 -54.915076707422486 -54.810409263760334 -54.71750408426519 -54.62422293760804 -54.53056949155186 -54.436547760589434 -54.34216212307723 -54.24741733907749 -54.15231856892879 -54.056871392565654 -53.96108182960626 -53.86495636022758 -53.76850194684582 -53.67172605661912 -53.57463668478806 -53.4772423788684 -53.37955226370758 -53.28157606741607 -53.183324148179935 -53.084807521960755 -52.9860378910831 -52.91108174738534 -52.791638842217395 -52.71597712905506 -52.64016422416586 -52.56421199108277 -52.48813295986804 -52.41194035333996 -52.335648113849544 -52.259270930567624 -52.18282426723505 -52.1063243903219 -52.02978839753226 -51.95323424658227 -51.876680784169 -51.80014777503723 -51.72365593103993 -51.673433929101066 -51.65116420653945 -51.55048771723057 -51.44998826740161 -51.349700027013284 -51.249658636995576 -51.149901242220835 -51.05046652270184 -50.951394722698325 -50.85272767739221 -50.754508836768906 -50.65678328631779 -50.55959776414332 -50.463000674055706 -50.36704209418835 -50.27177378067128 -50.177249165870705 -50.08352335069114 -49.99065309042368 -49.89869677361608 -49.80771439343607 -49.71776751100049 -49.62891921014838 -49.541234043150354 -49.4547779668645 -49.369618268878156 -49.285823483208816 -49.203463295183724 -49.12260843516995 -49.04333056089163 -48.965702128144216 -48.78299914573273 -48.70356696197854 -48.62249834234581 -48.539929014105724 -48.4560173271494 -48.37094217453935 -48.22474214681202 -48.1373327508349 -48.04954407893109 -47.96160473315328 -47.87374821569185 -47.7254711972443 -47.63858887279969 -47.552598211819884 -47.467718517199046 -47.38416260900135 -47.30213545451247 -47.16416530369071 -47.086359717127124 -47.01068910048477 -46.93731073332185 -46.86637083899549 -46.74464014445138 -46.6797125769549 -46.61761165266154 -46.558434119439454 -46.50226603449124 -46.44918295238776 -6.930171873660839 -6.998292167222587 -7.066164593937145 
-54.94769473953443 -54.84253440185523 -54.74911666205921 -54.65530264593869 -54.561095358942254 -54.466498133403604 -54.371514645277614 -54.27614893159878 -54.18040540868472 -54.08428889110863 -53.987804611463616 -53.890958240941586 -53.79375591074884 -53.696204234379934 -53.598310330770545 -53.50008184834846 -53.40152699000092 -53.302654538974565 -53.20347388572279 -53.10399505571172 -53.00422873819528 -52.904186315964495 -52.803879896074676 -52.72737641522542 -52.65069225899896 -52.57383843906405 -52.49682661897279 -52.41966914116338 -52.3423790546386 -52.26497014329061 -52.18745695483591 -52.10985483031715 -52.03217993412025 -51.954449284446326 -51.876680784169 -51.79889325199582 -51.72110645384333 -51.64334113432102 -51.59182603723383 -51.541657607417875 -51.43922207157232 -51.33693823627277 -51.23484057658919 -51.132965102593715 -51.03134939652435 -50.93003264828249 -50.82905568893267 -50.728461021846925 -50.628292851110274 -50.528597106776374 -50.42942146653678 -50.33081537334155 -50.23283004848332 -50.13551849963412 -50.038935523302456 -49.94313770115863 -49.84818338966065 -49.75413270240011 -49.66104748457971 -49.568991279031025 -49.47802928318396 -49.388228296409835 -49.2996566571762 -49.212384169478355 -49.12648201804612 -49.04202267187068 -48.95907977564946 -48.877728028815085 -48.798043051891284 -48.61330413594072 -48.53186002239531 -48.44880697277415 -48.36428430417206 -48.2784540396068 -48.191498816806075 -48.04346102945365 -47.95426003172241 -47.8647297918497 -47.77510279970008 -47.6856164393827 -47.53577123885506 -47.447386206092034 -47.359962058948156 -47.27372176326011 -47.18888169537408 -47.10565025083437 -46.96655895853385 -46.887718487661715 -46.811102161653054 -46.736869967281734 -46.665170605832 -46.54277703538642 -46.4772851515101 -46.41472016143953 -46.355180214381875 -46.298752468642675 -6.813628697098352 -6.882668397944428 -6.95145135733091 -5.515581537496303 
-54.9084003762257 -54.80236243743303 -54.70805015842839 -54.6133243212918 -54.51818758342935 -54.42264292503626 -54.32669366609929 -54.230343484155895 -54.13359643283616 -54.03645696121387 -53.93892993399305 -53.84102065255547 -53.74273487689547 -53.64407884846665 -53.545059313965254 -53.44568355007357 -53.34595938918562 -53.24589524613609 -53.14550014595136 -53.04478375263966 -52.94375639903478 -52.842429117704654 -52.7408136729328 -52.663295655916414 -52.58557807802197 -52.507671713663825 -52.42958799943807 -52.35133906250775 -52.27293774976201 -52.19439765772486 -52.11573316318152 -52.03695945448288 -51.95809256348056 -51.87914939803616 -51.80014777503723 -51.72110645384333 -51.64204517007215 -51.5629846696238 -51.51015373185331 -51.43203448955313 -51.32780699924376 -51.22370437588333 -51.119761361115565 -51.0160142969728 -50.912501167535964 -50.80926163906247 -50.70633709823608 -50.603770688163934 -50.50160734171618 -50.39989381177287 -50.2986786979138 -50.19801246905604 -50.09794748151512 -49.998537991937866 -49.899840164528314 -49.801912071964296 -49.70481368938141 -49.60860688078344 -49.51335537722551 -49.419124746109475 -49.325982350929024 -49.23399730080831 -49.1432403891923 -49.0537840210699 -48.965702128144216 -48.879070071408705 -48.79396453064345 -48.710463380414495 -48.62864555224064 -48.44179377861906 -48.35826036613429 -48.27314525709852 -48.1865915555606 -48.09876516673907 -48.00985269344352 -47.859900563503516 -47.768832219052655 -47.67748575346354 -47.58609780094156 -47.49490988993085 -47.343426672375074 -47.25347123854661 -47.16454832473141 -47.076884828498464 -46.990700947943566 -46.90620876686688 -46.76594334542642 -46.68601870385754 -46.60841131372712 -46.5332840851344 -46.46078839706411 -46.337699620195735 -46.271615779705684 -46.208563913412235 -6.555410886952416 -6.647282569174166 -6.729407034720737 -6.799124252170174 -5.364179374265831 -5.433356370665194 
-54.83269356080231 -54.73791754992499 -54.64270840170755 -54.54706810778683 -54.45099896128272 -54.35450357327852 -54.25758489006358 -54.16024621116708 -54.06249120821218 -53.964323944619565 -53.8657488961899 -53.76677097259477 -53.667395539805 -53.567628443486115 -53.467476033388635 -53.36694518876152 -53.26604334481539 -53.164778520261166 -53.06315934594812 -52.96119509462355 -52.85889571183367 -52.75627184798313 -52.677958134896414 -52.59941547518909 -52.52065373566691 -52.44168342592985 -52.36251572726482 -52.28316252243147 -52.20363642632725 -52.123950817511826 -52.04411987056355 -51.96415858923427 -51.8840828403589 -51.8039093884679 -51.72365593103993 -51.64334113432102 -51.5629846696238 -51.48260725000779 -51.42843765625193 -51.32232197015841 -51.216269416040745 -51.110313339767146 -51.004488706674096 -50.89883214908079 -50.79338201276212 -50.68817840205219 -50.583263223218864 -50.47868022571754 -50.3744750408988 -50.27069521771156 -50.16739025490736 -50.06461162921866 -49.96241281894885 -49.86084932237915 -49.75997867036554 -49.65986043247008 -49.56055621594348 -49.46212965685373 -49.36464640263631 -49.268174085329775 -49.172782284752856 -49.07854248088202 -48.985527994696724 -48.89381391678114 -48.80347702300051 -48.7145956766139 -48.6272497162407 -48.541520329168065 -48.457489909571564 -48.26844479725318 -48.18274104404148 -48.09548246723119 -48.00681616584154 -47.9169121487044 -47.825961217918405 -47.67401408168135 -47.58099852735987 -47.48775704063047 -47.394530675760365 -47.30156538827137 -47.14837024214546 -47.056772701430845 -46.966281813708264 -46.877128700347754 -46.78953767017097 -46.70372477872863 -46.56222889300594 -46.48116764943259 -46.402520919966264 -46.32645477496803 -46.253123490384155 -46.12930504884278 -46.06259978249679 -6.398102025475026 -6.491253252074472 -6.562205143050221 -5.12848799028211 -5.211026704745763 -5.281143060647423 -5.350975930092062 
-54.76893451452358 -54.67327717753821 -54.57716918991227 -54.48061216831357 -54.383608025125596 -54.286158985107875 -54.188267602850374 -54.089936781052984 -53.99116978966242 -53.89197028589882 -53.792342335204864 -53.69229043315042 -53.59181952832603 -53.490935046257874 -53.38964291437762 -53.2879495880789 -53.18586207789244 -53.0833879778105 -52.980535494789564 -52.877313479459644 -52.77373145806533 -52.69466088075063 -52.61533255235298 -52.535755417808616 -52.45593904294947 -52.3758936437041 -52.29563011630012 -52.215160068464314 -52.134495851613394 -52.05365059402047 -51.9726382349362 -51.89147355963638 -51.81017223535821 -51.72875084807825 -51.64722694007517 -51.565619048207935 -51.48394674282741 -51.402230667226036 -51.320492577514244 -51.212548680724296 -51.104637796065106 -50.99679338289255 -50.88905058272104 -50.78144627167552 -50.67401911210541 -50.56680960302239 -50.45986012899064 -50.35321500706155 -50.24692053130843 -50.14102501447792 -50.03557882623659 -49.930634427451025 -49.82624639990124 -49.72247147078758 -49.61936853135481 -49.516998648920094 -49.41542507156015 -49.3147132246817 -49.21493069867594 -49.11614722683768 -49.018434652717104 -48.92186688606856 -48.82651984656411 -48.73247139445613 -48.639801247399674 -48.548590882686284 -48.45892342419512 -48.370883513439 -48.284557164168916 -48.093234496039486 -48.00527549438303 -47.915788055384695 -47.824923492363496 -47.73285615211205 -47.63978128479192 -47.48575414137591 -47.390707129503056 -47.29548741360958 -47.20034076446504 -47.10551786944697 -46.95053251583434 -46.85721685713415 -46.765084570088476 -46.67437131751174 -46.58530583382438 -46.49810845577065 -46.35532215843705 -46.27306848477215 -46.19333098371635 -46.11627914600942 -46.042070385543155 -6.144060967780575 -6.238892063770663 -6.333357535732944 -6.405304114500154 -4.972571427274005 -5.043943171677512 -5.1271647287406665 -5.197951370964802 -4.389247496654463 
-54.67879898460194 -54.58225900587655 -54.485250584178516 -54.38777494534 -54.28983360437931 -54.191428382311074 -54.092561423780325 -53.9932352155561 -53.893452605918526 -53.79321682497573 -53.69253150594656 -53.59140070744601 -53.489828936810284 -53.38782117449915 -53.28538289961244 -53.18252011655818 -53.079239382908895 -52.97554783848227 -52.871453235680974 -52.766963971125705 -52.687175920306714 -52.6071019614557 -52.52675010760109 -52.44612896844981 -52.365247779698706 -52.28411643344316 -52.20274550969131 -52.121146308986994 -52.03933088613962 -51.95731208505404 -51.87510357464481 -51.7927198858136 -51.71017644945863 -51.62748963547551 -51.544676792698596 -51.46175628971963 -51.378747556507335 -51.29567112673715 -51.212548680724296 -51.10274482434994 -50.992942233518846 -50.88317442810256 -50.77347667334783 -50.66388603757062 -50.55444144924738 -50.445183753158375 -50.3361557652004 -50.22740232544655 -50.11897034898976 -50.01090887406406 -49.903269106893646 -49.79610446267486 -49.68947060205153 -49.58342546239837 -49.47802928318396 -49.37334462464102 -49.269436378932426 -49.166371772963714 -49.06422036196079 -48.963054012904706 -48.86294687689488 -48.763975349501294 -48.66621801816356 -48.56975559570466 -48.47467083904962 -48.38104845227542 -48.288974973172344 -48.19853864256626 -48.10982925574112 -47.91614089134205 -47.825837664693324 -47.73403176471871 -47.64087895007748 -47.54655815339365 -47.451269337019085 -47.29507257428983 -47.19790518713398 -47.10061932591819 -47.00346579671739 -46.90670034743087 -46.74984182515249 -46.65472741497396 -46.56087576807181 -46.46852743446854 -46.37791591761129 -46.2892661735668 -46.14512561528977 -46.06162001053153 -45.98073688888314 -45.90264944741958 -5.98154083321441 -6.077736223225088 -6.173552020907977 -4.742127108779641 -4.814798719115203 -4.887170770329078 -4.959240702451325 -4.15181140966439 -4.235411703459732 -4.306562368605256 
-54.61382654158254 -54.51640299020818 -54.41849293117937 -54.320097183506476 -54.22121684806686 -54.12185332453069 -54.022008329141244 -53.92168391338711 -53.820882483604066 -53.719606821545796 -53.61786010596367 -53.51564593523574 -53.41296835108625 -53.30983186343775 -53.20624147643744 -53.102202715699946 -52.997721656809034 -52.892804955119175 -52.78745987689885 -52.681694331855255 -52.60091529321156 -52.51982997464208 -52.43844602177822 -52.356771679830075 -52.2748158239952 -52.19258799106677 -52.11009841225592 -52.02735804723869 -51.94437861943331 -51.861172652506895 -51.77775350810538 -51.694135424791085 -51.610333558165365 -51.526364022143355 -51.44224393133672 -51.357991444488704 -51.27362580889201 -51.18916740570498 -51.104637796065106 -50.992942233518846 -50.881214505210835 -50.76948813356361 -50.65779844987742 -50.54618265757506 -50.43467989511487 -50.323331298221575 -50.21218006104246 -50.10127149579489 -49.99065309042368 -49.88037456374121 -49.77048791747288 -49.66104748457971 -49.55210997317994 -49.44373450533698 -49.335982649932504 -49.22891844879035 -49.12260843516995 -49.01712164370201 -48.912529610797776 -48.80890636452784 -48.70632840293695 -48.60487465974231 -48.504626456351104 -48.40566743913698 -48.30808350092937 -48.21196268570219 -48.117395075497456 -48.02447265868756 -47.933289178770366 -47.73714285893578 -47.64440214920174 -47.55018375518185 -47.454648123984526 -47.35797903602554 -47.260381446119766 -47.10192054776155 -47.00253889143144 -46.90309394282872 -46.80384188626289 -46.70504388471571 -46.54622420911261 -46.4492254471559 -46.353571599790115 -46.25950848095334 -46.16727473806384 -46.07710031638794 -45.931537428128536 -45.846716415216065 -45.76462912173284 -5.8169902702689456 -5.91458819724852 -6.011791851875245 -4.581416863145648 -4.655127134432632 -4.728526582934961 -3.9224178612001026 -3.995188273713808 -4.067640982032202 -4.151915467758499 -3.600800604612729 
-54.551212402550675 -54.45290474757488 -54.354092255353095 -54.25477532200114 -54.15495461736538 -54.054631102028594 -53.953806045199 -53.852481043523 -53.75065804086279 -53.64833934908137 -53.54552766987834 -53.44222611772142 -53.33843824391877 -53.234168061878876 -53.12942007360442 -53.0241992974679 -52.918511297316655 -52.81236221295458 -52.70575879204864 -52.62431562392206 -52.54253855700253 -52.46043426925286 -52.37801000972726 -52.29527362877897 -52.21223360954775 -52.128899100752335 -52.04527995081045 -51.961386743304416 -51.87723083380553 -51.79282438806504 -51.70818042157356 -51.62331284048196 -51.53823648387015 -51.452967167338784 -51.367521727889255 -51.28191807004407 -51.19617521314723 -51.110313339767146 -50.99679338289255 -50.88317442810256 -50.76948813356361 -50.655767961017744 -50.54204924459913 -50.42836925994109 -50.314767293260985 -50.201284710068734 -50.087965023101106 -49.97485395903561 -49.86199952348909 -49.7494520637525 -49.63726432865931 -49.52549152492733 -49.414191369256 -49.30342413540134 -49.19325269539115 -49.083742553983484 -48.97496187541441 -48.866981501424846 -48.75987495950531 -48.653718460251866 -48.548590882686284 -48.44457374636383 -48.34175116907201 -48.240209808915836 -48.14003878959355 -48.041329607690415 -47.94417602086307 -47.84867391585081 -47.75492115534047 -47.55622029875755 -47.46094434362155 -47.36421474637612 -47.26619689805585 -47.16707970345175 -47.067073407042386 -46.90624863953022 -46.80455351578138 -46.70285117006645 -46.601403533874304 -46.50047756789496 -46.339603360842176 -46.24062930565151 -46.14308516135969 -46.047222416605564 -45.95328527254148 -45.85073607233909 -45.70367821664399 -5.5509147505594 -5.650359806192341 -5.749400085267098 -4.3436373973022455 -4.418734879735126 -4.49351253312895 -4.567967536864273 -3.762902559204548 -3.8367049306827994 -3.9101778484413217 -3.983319550856379 -3.4332015287193087 -3.5178177281207894 
-54.46142342261504 -54.36223154833726 -54.262516250534816 -54.162277486304475 -54.06151547749414 -53.96023072774969 -53.8584240404727 -53.75609653773273 -53.653249680177964 -53.54988528799089 -53.44600556293585 -53.3416131115475 -53.23671096950969 -53.131302627276 -53.025392056984174 -52.91898374071647 -52.81208270016063 -52.70469452772426 -52.6226284679405 -52.54020171403772 -52.45741997698792 -52.374289508531234 -52.29081713098958 -52.207010268425705 -52.1228769791837 -52.03842598984363 -51.95366673062094 -51.868609372237046 -51.78326486428287 -51.697644975092715 -51.61176233313873 -51.525630469949846 -51.4392638645501 -51.35267798940245 -51.26588935783283 -51.17891557289701 -51.09177537763895 -51.004488706674096 -50.88905058272104 -50.77347667334783 -50.65779844987742 -50.54204924459913 -50.4262643254109 -50.31048097110025 -50.1947385469536 -50.07907858034025 -49.963544835868476 -49.84818338966065 -49.73304270223943 -49.61817368945907 -49.50362979085526 -49.389467034723026 -49.27574409916653 -49.162522368296834 -49.04986598268505 -48.93784188310903 -48.82651984656411 -48.71597251344161 -48.606275404716 -48.497506927924036 -48.389748370667206 -48.283083880326444 -48.17760042864654 -48.07338775982828 -47.97053832076372 -47.86914717206571 -47.769311878577895 -47.67113237811239 -47.574710827247344 -47.37335431906507 -47.27544061927921 -47.17609617948136 -47.07549160270119 -46.97382120979276 -46.87130084978796 -46.70800692795996 -46.60389348233318 -46.49982969451651 -46.396083640157 -46.29292849068628 -46.129900579162324 -46.02885454093271 -45.91855334132876 -45.820800584727664 -45.72507347793436 -45.6316131987916 -5.38065313758014 -5.481598220653609 -5.582122323449312 -4.177827216383122 -4.277494897944905 -4.353369811521702 -3.5497148533277425 -3.62491710525552 -3.69977954042119 -3.7743001963341953 -3.225550384696021 -3.2993825947541495 -3.372868605359173 -3.4460073895147616 
-54.371598145004526 -54.271522366298825 -54.170904330131464 -54.06974353844171 -53.96803974807261 -53.86579298781734 -53.76300357640267 -53.65967214145596 -53.55579963950328 -53.451387377048235 -53.34643703278286 -53.240950680982905 -53.13493081614246 -53.02838037890339 -52.92130278333693 -52.81370194563601 -52.70558231427762 -52.622934777385524 -52.539900627197426 -52.456484612519745 -52.37269199101769 -52.288528558451304 -52.20400067930885 -52.11911531888134 -52.03388007682298 -51.94830322223751 -51.86239373033058 -51.776161320662794 -51.689616497035814 -51.6027705890377 -51.51563579526916 -51.42822522826458 -51.34055296111413 -51.25263407578436 -51.16448471312344 -51.076122124525 -50.9875647252114 -50.89883214908079 -50.78144627167552 -50.66388603757062 -50.54618265757506 -50.42836925994109 -50.31048097110025 -50.19255499742658 -50.074630707724 -49.956749716085966 -49.838955964725784 -49.72129580631929 -49.60381808534319 -49.48657421782798 -49.369618268878156 -49.25300702724081 -49.136800076130555 -49.02105985944104 -48.90585174239649 -48.79124406561505 -48.67730819147755 -48.56411854161556 -48.45175262425744 -48.34029105009844 -48.229817535296405 -48.120418890136506 -48.012184991863506 -47.90520874014632 -47.79958599362419 -47.69541548598656 -47.59279872006525 -47.49183983846862 -47.392645469368546 -47.188527442096614 -47.08786851877716 -46.98580040051229 -46.88249918311132 -46.77816491069254 -46.67301937013943 -46.50714510002504 -46.400502444651266 -46.29396703903436 -46.17704053379322 -46.071548749760666 -45.90626173003895 -45.803040827367084 -45.70142869041348 -45.601689543670204 -5.105241535420419 -5.208163273673051 -5.310652467521095 -3.9083103543673587 -4.009918445523397 -4.111078954741885 -4.188082223842827 -3.38554256009445 -3.461847075994143 -3.5377987864644638 -2.99046880192563 -3.065709433196872 -3.1405923021451656 -3.2151162449010258 -2.807002389752128 -2.8808058648450157 
-54.336849859305374 -54.235890936934425 -54.13437068536376 -54.03228813526272 -53.92964256146604 -53.82643349997525 -53.72266076592186 -53.61832447254133 -53.51342505120917 -53.40796327259196 -53.301940268968536 -53.19535755777818 -53.08821706645489 -52.980521158608525 -52.872272661615426 -52.76347489568272 -52.6541317044522 -52.570532564149374 -52.48652561051725 -52.402115114631954 -52.31730585167517 -52.232103130855336 -52.146512826815155 -52.06054141257903 -51.974195994091076 -51.88748434639501 -51.80041495150306 -51.71299703800034 -51.625240622425906 -51.53715655246887 -51.448756552011616 -51.36005326804633 -51.271060319483894 -51.1817923478641 -51.092265069967624 -51.00249533231624 -50.912501167535964 -50.79338201276212 -50.67401911210541 -50.55444144924738 -50.43467989511487 -50.314767293260985 -50.1947385469536 -50.074630707724 -49.95448306508138 -49.834337237049624 -49.71423726112778 -49.594229685216135 -49.474363657985265 -49.35469101809696 -49.235266381611524 -49.11614722683768 -48.99739397579964 -48.879070071408705 -48.761242049338335 -48.643979603509734 -48.52735564400271 -48.41144634611402 -48.29633118919432 -48.182092983807735 -48.068817885676026 -47.95659539479567 -47.845518338053125 -47.73568283361351 -47.62718823532677 -47.52013705538201 -47.41463486345421 -47.31079016062779 -47.208714226453196 -47.0017238335347 -46.89820697561805 -46.793300867438916 -46.687187391082404 -46.58007263695566 -46.47218468215647 -46.30361257968386 -46.183550392664955 -46.074426637436545 -45.96574999555739 -45.857807433480815 -45.69014919772766 -45.584643874763856 -45.48084132833725 -4.928858527111714 -5.033388304800695 -5.137467592626734 -3.7366975812582552 -3.839859758207581 -3.942556334628904 -3.1415255390428456 -3.2193276670404316 -3.296765479669176 -3.3738368399264402 -2.8276129200229434 -2.9039461023427577 -2.9799080892403538 -2.5732198754573545 -2.6484364752800076 -2.723279329525141 -2.7977480131736314 
-54.24770017104541 -54.14585932692708 -54.04343785477607 -53.94043429794843 -53.83684743231433 -53.73267628316768 -53.627920143119866 -53.522578591029855 -53.4166515120252 -53.31013911867021 -53.20304197334059 -53.09536101186558 -52.987097568501156 -52.87825340230043 -52.76883072494894 -52.65883223013526 -52.57471050999126 -52.490156006311906 -52.40517201513316 -52.31976230137593 -52.2339311278823 -52.1476832859681 -52.06102412755263 -51.97395959892637 -51.886496276217116 -51.79864140261452 -51.71040292741043 -51.62178954691203 -51.53281074728051 -51.44347684934468 -51.35379905543519 -51.26378949827776 -51.17346129197833 -51.08282858512368 -50.99190661601179 -50.90071177001471 -50.80926163906247 -50.68817840205219 -50.56680960302239 -50.445183753158375 -50.323331298221575 -50.201284710068734 -50.07907858034025 -49.956749716085966 -49.834337237049624 -49.711882674279565 -49.589430069675956 -49.46702607602063 -49.34472005696682 -49.22256418639111 -49.10061354642926 -48.97892622343167 -48.85756340098254 -48.73658944903059 -48.61607200807839 -48.496082067273676 -48.376694035138314 -48.257985801563706 -48.14003878959355 -48.02293799540928 -47.90677201483396 -47.79163305457601 -47.67761692635159 -47.564823021955306 -47.45335426729568 -47.343317053382236 -47.23482114224541 -47.12797954579591 -47.02290837569058 -46.812929558304376 -46.70643656047568 -46.598572383987175 -46.48952500324174 -46.36873389761527 -46.25797979910453 -46.086585683292554 -45.97452576093008 -45.86268991056184 -45.751367335516676 -45.64085266071905 -45.470703882478404 -4.643432413739902 -4.750082474847943 -4.8562692756315755 -4.961986647309658 -3.562835742137594 -3.6675980333352243 -3.771875740013968 -2.9720394031137687 -3.0510215323088232 -3.12962493803073 -2.5849205655854917 -2.6627605973318396 -2.74021656076269 -2.817287229300092 -2.411693697909314 -2.4879910886539136 -2.5639009569416515 -2.2462954879834314 -2.3214295963139904 
-54.158624635691865 -54.0559035680771 -53.95258235807623 -53.84865904580258 -53.74413189130004 -53.63899939131096 -53.533260297048514 -53.42691363302879 -53.31995871701997 -53.21239518116897 -53.104222994368314 -52.99544248592855 -52.88605437062495 -52.776059775188884 -52.66546026631781 -52.580858272457476 -52.495799544106205 -52.410286417658966 -52.32432166221474 -52.23790850757078 -52.151050673747164 -52.063752402110254 -51.97601848816345 -51.887854316074964 -51.799265895012326 -51.7102598973531 -51.620843698840844 -51.53102542075368 -51.4408139741503 -51.350219106256816 -51.259251449051874 -51.16792257010445 -51.07624502571082 -50.98423241637116 -50.89189944463567 -50.7992619753399 -50.70633709823608 -50.583263223218864 -50.45986012899064 -50.3361557652004 -50.21218006104246 -50.087965023101106 -49.963544835868476 -49.838955964725784 -49.71423726112778 -49.589430069675956 -49.46457833670411 -49.339728719932936 -49.21493069867594 -49.090236683998455 -48.965702128144216 -48.841385632449516 -48.71734905286422 -48.59365760209204 -48.470379947248716 -48.34758830182014 -48.225358510578815 -48.103770125993265 -47.98290647453874 -47.86285471119186 -47.74370586027089 -47.625554840666496 -47.50850047340194 -47.392645469368546 -47.278096395005434 -47.16496361363977 -47.05336120017566 -46.94340682682619 -46.83522161762582 -46.62213286548135 -46.51253975707775 -46.390818366903744 -46.27870907259447 -46.16565809388101 -46.05190722432107 -45.87755978356358 -45.762597598358724 -45.64791840144065 -45.53381945342352 -45.42060359950568 -4.46047183112691 -4.56885003419336 -4.676745031323577 -3.2797573398877375 -3.3866678563613846 -3.49307827771824 -2.719789303754851 -2.8003773711757276 -2.880573883346898 -2.9603765081911035 -2.4168562641220603 -2.495865418078722 -2.574475592567296 -2.1704077354847726 -2.2482168448371027 -2.3256243734321203 -2.402629934358302 -2.0861058467028357 -2.1623071643939653 -2.2381066008660895 
-54.099936923925185 -53.996337822443934 -53.892118861162544 -53.78727756118377 -53.68181165000769 -53.57571907810524 -53.468998036514506 -53.36164697551712 -53.25366462445558 -53.14505001275566 -53.03580249222 -52.92592176066293 -52.81540788695952 -52.704261337584626 -52.619221167426815 -52.53370136611434 -52.44770332941104 -52.36122884891262 -52.274280138857335 -52.18685986446718 -52.09897117189308 -52.01061771984013 -51.92180371295004 -51.83253393701909 -51.74281379613146 -51.6526493517876 -51.56204736410794 -51.471015335191424 -51.37956155470695 -51.28769514779401 -51.19542612534576 -51.10276543674317 -51.009725025104586 -50.916317885106935 -50.82255812342788 -50.728461021846925 -50.603770688163934 -50.47868022571754 -50.35321500706155 -50.22740232544655 -50.10127149579489 -49.97485395903561 -49.84818338966065 -49.72129580631929 -49.594229685216135 -49.46702607602063 -49.339728719932936 -49.212384169478355 -49.08504190952519 -48.95775447893422 -48.83057759215313 -48.703570259967165 -48.57679490850728 -48.45031749549733 -48.32420762259741 -48.19853864256626 -48.07338775982828 -47.94883612288589 -47.82496890687247 -47.70187538439296 -47.57964898265308 -47.45838732473689 -47.33819225275846 -47.21916983049218 -47.10143032298197 -46.98508815054737 -46.87026181454968 -46.757073792262645 -46.6456503982117 -46.429324505347836 -46.30572827462234 -46.191563128245576 -46.076257195126885 -45.9600368025433 -45.843151210681384 -45.665711540760725 -45.54770773022872 -45.430045900275815 -45.31303194066277 -4.274934447475204 -4.385095430000177 -4.494752114069684 -3.0995049706694147 -3.2081348788843513 -3.316243544965147 -2.5446317024722305 -2.626486025493108 -2.707932751458287 -2.1660426421131547 -2.246667739515402 -2.326879470971363 -1.9243986168720966 -2.0037800335373532 -2.0827450561414906 -2.1612932025277445 -1.8462967173588964 -1.924010599484447 -2.0013075252182233 -2.0781878771811506 -1.8232039819968975 
-54.03848174706155 -53.934007307591685 -53.82889310120683 -53.723136114443264 -53.61673352573641 -53.509682721745236 -53.401981314714476 -53.29362716093465 -53.18461838036427 -53.07495337748111 -52.96463086343303 -52.853649879562454 -52.74200982238176 -52.62971047008108 -52.54377246792555 -52.45733349919158 -52.37039439990329 -52.28295639011918 -52.19502110095155 -52.106590603180734 -52.01766743754544 -51.928254646792794 -51.83835580957367 -51.74797507627164 -51.657117206854934 -51.565787610842364 -51.473992389475484 -51.38173838018869 -51.28903320346976 -51.19588531220123 -51.10230404357196 -51.00829967364419 -50.91388347465784 -50.81906777514803 -50.723866022944236 -50.628292851110274 -50.50160734171618 -50.3744750408988 -50.24692053130843 -50.11897034898976 -49.99065309042368 -49.86199952348909 -49.73304270223943 -49.60381808534319 -49.474363657985265 -49.34472005696682 -49.21493069867594 -49.08504190952519 -48.95510305837081 -48.82516669033603 -48.69528866135886 -48.56552827267589 -48.43594840433124 -48.30661564667153 -48.17760042864654 -48.04897714158818 -47.9208242569826 -47.793224436587565 -47.66626463307705 -47.540036179223506 -47.41463486345421 -47.29016098944737 -47.166719417269064 -47.0444195833976 -46.92337549684416 -46.80370570846205 -46.68553325044877 -46.568985542994085 -46.44342126866971 -46.22372508556566 -46.107535378409665 -45.990014231338364 -45.87136985033402 -45.75183606003833 -45.631670019995056 -45.45099113252502 -45.32979797170174 -3.974228857108983 -4.086749402181567 -4.198750338340375 -2.8058313964922093 -2.9167727857062857 -3.0271756078692817 -2.2578400536502556 -2.3671512969348782 -2.475910678973321 -1.9357179978043746 -2.0180256129830525 -2.0999047295430557 -2.181353866788413 -1.7800939289879096 -1.8606799063045827 -1.9408332766939367 -1.6274261982796503 -1.706713605040747 -1.7855681285127076 -1.8639901251491011 -1.6105319126267545 -1.6880907144273465 -1.765219211015733 
-53.95048205830946 -53.845135497620134 -53.73912908747303 -53.632459264546185 -53.52512264194141 -53.41711602520209 -53.30843642938066 -53.199081097218794 -53.08904751850716 -52.9783334506954 -52.866936940826406 -52.75485634887289 -52.64209037255844 -52.55577666087211 -52.46894038450799 -52.38158144917651 -52.29370010573368 -52.20529697575935 -52.11637307870686 -52.02692986070963 -51.93696922513294 -51.84649356496291 -51.75550579712717 -51.66400939884497 -51.57200844610688 -51.479507654386566 -51.38651242168882 -51.29302887403952 -51.1990639135243 -51.104625268981806 -51.00972154945768 -50.91436230052281 -50.818558063556594 -50.7223204380918 -50.625662147310805 -50.528597106776374 -50.39989381177287 -50.27069521771156 -50.14102501447792 -50.01090887406406 -49.88037456374121 -49.7494520637525 -49.61817368945907 -49.48657421782798 -49.35469101809696 -49.22256418639111 -49.090236683998455 -48.95775447893422 -48.82516669033603 -48.69252573513643 -48.55988747635075 -48.42731137219971 -48.294860625155906 -48.16260232986161 -48.03060761871103 -47.898951803725936 -47.76771451317731 -47.63697982122068 -47.50683636861845 -47.37737747242329 -47.24870122229228 -47.120910560897784 -46.99411334570013 -46.86842238915597 -46.743955474257035 -46.62083534213849 -46.48841665201891 -46.368377888073724 -46.25008326450407 -46.02687744816106 -45.907178297428544 -45.786154851614754 -45.66402274716319 -45.54102370674502 -45.417423242082776 -45.233349542189956 -3.7813990595481926 -3.8958430074246735 -4.0097437618857725 -2.618700997433365 -2.731494901829649 -2.8437265878352775 -2.076196286447015 -2.187289238784274 -2.2978068778593297 -1.7589407379277304 -1.842557152557191 -1.9257274434929457 -1.526172329390917 -1.6084466452508792 -1.690271742146976 -1.7716471880501246 -1.4594453091794293 -1.5399212147513168 -1.619947717810831 -1.3680771223785086 -1.4472066560654753 -1.5258890198638824 -1.6041253327987306 -1.3957504672281544 
-53.89432466208231 -53.78810973220263 -53.68121471009013 -53.573635467591714 -53.465368036516054 -53.356408624284995 -53.24675363064307 -53.136399665490984 -53.02534356791281 -52.91358242647067 -52.801113600844275 -52.687934744898115 -52.6012873381336 -52.51409692290903 -52.426362502902634 -52.3380833880299 -52.24925921848009 -52.159889990288036 -52.06997608252891 -51.97951828622874 -51.88851783508596 -51.79697643810479 -51.70489631424374 -51.61228022918684 -51.51913153434867 -51.42545420822776 -51.331252900224854 -51.236532977046494 -51.14130057181515 -51.04556263600867 -50.949326994353015 -50.85260240279072 -50.755398609646704 -50.6577264201097 -50.55959776414332 -50.42942146653678 -50.2986786979138 -50.16739025490736 -50.03557882623659 -49.903269106893646 -49.77048791747288 -49.63726432865931 -49.50362979085526 -49.369618268878156 -49.235266381611524 -49.10061354642926 -48.965702128144216 -48.83057759215313 -48.69528866135886 -48.55988747635075 -48.424429758208845 -48.288974973172344 -48.15358649827215 -48.018331786873176 -47.883282532904985 -47.748514832376 -47.614109340572384 -47.48015142313227 -47.34673129896737 -47.21394417277236 -47.08189035462652 -46.950675363949756 -46.82041001483438 -46.69121047953894 -46.563198326705134 -46.425727534307555 -46.300476451598456 -46.176809760875216 -46.05487036196112 -45.82800912603105 -45.70465064016864 -45.57997120183211 -45.454194235224776 -45.32756977496203 -3.468715330334703 -3.5857071039444577 -3.702138605237053 -2.313608640738238 -2.428896615276642 -2.543602938168874 -1.7785272112076314 -1.8920541155897865 -2.004984589008018 -1.4943879953399062 -1.5798160448467797 -1.6647809512297727 -1.2670032201822465 -1.3510375081375088 -1.4346050195145637 -1.517705205207747 -1.207210301749157 -1.2893753540052586 -1.3710731340841136 -1.4523041660908262 -1.2016209600023728 -1.2819209539846383 -1.3617570634616811 -1.1549642120881316 -1.2338767315245747 -1.312329871186435 
-53.80733399199809 -53.700254994258756 -53.59247551740526 -53.48399085385594 -53.37479643853629 -53.26488786410158 -53.1542608972228 -53.04291149600385 -52.93083582860265 -52.81803029313295 -52.704491538927385 -52.61755188416129 -52.530049947065976 -52.4419838602787 -52.35335202399372 -52.264153128375824 -52.174386177460775 -52.08405051463248 -51.99314584977114 -51.90167228817148 -51.80963036133457 -51.717021059741825 -51.62384586772379 -51.53010680054183 -51.43580644380435 -51.34094799534455 -51.245535309689586 -51.14957294525598 -51.05306621440843 -50.95602123652213 -50.858444994191245 -50.760345392726066 -50.66173132308285 -50.56261272836795 -50.463000674055706 -50.33081537334155 -50.19801246905604 -50.06461162921866 -49.930634427451025 -49.79610446267486 -49.66104748457971 -49.52549152492733 -49.389467034723026 -49.25300702724081 -49.11614722683768 -48.97892622343167 -48.841385632449516 -48.703570259967165 -48.56552827267589 -48.42731137219971 -48.288974973172344 -48.150578384346915 -48.012184991863506 -47.87386244363282 -47.73568283361351 -47.59772288455923 -47.46006412759678 -47.32279307676214 -47.1860013963736 -47.04978605885765 -46.91424949036946 -46.779499701267014 -46.6456503982117 -46.50204807803402 -46.37036407765882 -46.23995663082661 -46.11096285426888 -45.98352571363725 -45.85779394262815 -45.62712481015413 -45.49994987817013 -45.37145300494112 -45.24186576497536 -3.267996965325608 -3.387070069166839 -3.5055564163107533 -2.1190547441710237 -2.2363444312748584 -1.473831102790598 -1.5898987999133851 -1.705347893910897 -1.820174229908588 -1.3114473089663932 -1.3982850323079106 -1.4846398507581569 -1.0882324249232198 -1.1736175795122818 -1.2585166991293164 -0.9498019149339001 -1.0337281949837092 -1.1171682609397493 -1.2001226107610847 -0.9511437506530172 -1.0331291355828967 -1.1146317166669633 -1.1956528835884228 -0.9900277978223784 -1.070091031185612 -1.1496780750031093 -1.22879098018619 
-53.74809154591111 -53.64015334460572 -53.53149415025857 -53.42210866169643 -53.31199170180315 -53.20113823224935 -53.08954336928639 -52.977202400675196 -52.864110803824985 -52.75026426522081 -52.63565870122497 -52.547887217329446 -52.45953265225069 -52.37059253030185 -52.281064625861205 -52.1909469855284 -52.1002379517989 -52.00893618835266 -51.917040707056515 -51.82455089678692 -51.73146655418384 -51.63778791645248 -51.543515696335135 -51.44865111938114 -51.35319596364823 -51.2571526019741 -51.16052404696259 -51.063313998833394 -50.96552689628962 -50.867167970560814 -50.76824330278387 -50.668759884885844 -50.56872568413547 -50.468149711530714 -50.36704209418835 -50.23283004848332 -50.09794748151512 -49.96241281894885 -49.82624639990124 -49.68947060205153 -49.55210997317994 -49.414191369256 -49.27574409916653 -49.136800076130555 -48.99739397579964 -48.85756340098254 -48.71734905286422 -48.57679490850728 -48.43594840433124 -48.294860625155906 -48.15358649827215 -48.012184991863506 -47.870719316944076 -47.729257131801404 -47.5878707477365 -47.44663733467675 -47.30563912499866 -47.16496361363977 -47.024703752299786 -46.88495813523352 -46.74583117382383 -46.60743325679465 -46.45910789623895 -46.32252383372605 -46.187037157119875 -46.05278335056792 -45.91990432765874 -45.78854842076669 -45.65887032494595 -45.424233886854495 -45.29307788052952 -2.942342180600832 -3.0641748088337977 -3.185401551875259 -1.8016201224238841 -1.9216089783257928 -2.0409677180156507 -1.2804952584094167 -1.39857571235666 -1.5160095568464271 -1.0098657943707678 -1.1259950279568613 -1.2142867843066085 -0.8197968287860959 -0.9070797894278684 -0.9938568920430129 -0.6870001439921936 -0.7727644218246184 -0.8580223854549018 -0.9427744984950976 -0.6955732579959033 -0.7793161329021814 -0.8625561095176408 -0.9452946321303557 -0.7413669345668694 -0.8231076771855754 -0.9043524545940187 -0.9851034343784164 -0.8139028865590916 -0.8936733517497402 
-53.69478196609512 -53.585990001705255 -53.47645642129487 -53.36617531643134 -53.25514088329439 -53.14334743684665 -53.03078942606575 -52.91746145030996 -52.803358276894954 -52.68847485996338 -52.600475078571804 -52.51187450484542 -52.422669823336435 -52.332857929387956 -52.24243594949283 -52.15140126310203 -52.05975152597861 -51.96748469519699 -51.87459905589458 -51.781093249887874 -51.6869663062719 -51.59221767412777 -51.49684725746988 -51.400855452571165 -51.30424318781061 -51.2070119661951 -51.10916391071322 -51.010701812685824 -50.91162918328416 -50.81195030839214 -50.71167030699516 -50.61079519328209 -50.50933194265136 -50.40728856181531 -50.27177378067128 -50.13551849963412 -49.998537991937866 -49.86084932237915 -49.72247147078758 -49.58342546239837 -49.44373450533698 -49.30342413540134 -49.162522368296834 -49.02105985944104 -48.879070071408705 -48.73658944903059 -48.59365760209204 -48.45031749549733 -48.30661564667153 -48.16260232986161 -48.018331786873176 -47.87386244363282 -47.729257131801404 -47.584583314477015 -47.439913314815556 -47.29532454616381 -47.15089974203991 -47.006727184011964 -46.862900925215854 -46.71952100691769 -46.57669366517027 -46.42375852788615 -46.28238077668823 -46.14191332419961 -46.002488929180856 -45.864247299364166 -45.7273351547386 -45.59190624925208 -45.45812134492883 -45.21935102808442 -2.733062951417935 -2.8571550986306136 -2.9806114816616116 -1.5990297278298442 -1.721188262250621 -0.9634919015966545 -1.0843240124474391 -1.2044844149944822 -0.7010415379565984 -0.8198454875577568 -0.9379661243784483 -0.5454803462292404 -0.6347466462230358 -0.7234860649506487 -0.8116979747631348 -0.5062546118706308 -0.5934110924523708 -0.6800403254258214 -0.43469479207502104 -0.5202719716576496 -0.6053248846671693 -0.6898550314069496 -0.48769772163522873 -0.5711877097822224 -0.6541607010158117 -0.7366189884365184 -0.5671049811073061 -0.6485413708895322 -0.7294708502163445 -0.8098962804949821 
