-71.81389069493522 -71.70839086742671 -71.60261958573923 -71.49659308479758 -71.39032862064059 -71.28384451527066 -71.17716020272093 -71.07029627629032 -70.9632745368855 -70.85611804239392 -70.74885115799708 -70.64149960731703 -70.53409052426957 -70.42665250547847 -70.31921566308304 -70.21181167774759 -70.10447385165642 -69.99723716125052 -69.89013830943344 -69.7546106202177 -69.64684575128373 -69.53828294613797 -69.39894107366939 -69.28849894393849 -69.20831282192174 -69.12846694015454 -69.04900102301414 -68.96995640087405 -68.89137602866145 -68.81330449995946 -68.73578805611521 -68.65887458978878 -68.58261364235648 -68.54667163416525 -68.55476602320886 -68.56834920078515 -68.58649031273166 -68.60835855022151 -68.673729985087 -68.70057148340595 -68.60936111869256 -68.5196936602014 -68.43165374944527 -68.3453274001752 -68.26080183611299 -68.17816531150373 -68.09750691432151 -68.01891635212175 -67.94248372071124 -67.86829925600122 -67.79645306961979 -67.72703486908335 -67.6601336635614 -67.59583745651238 -67.53423292671425 -67.47540509946049 -67.41943700993431 -67.36640936100494 -67.31640017790716 -67.26648494489322 -67.2138253931337 -67.15874955772608 -67.1017274568502 -67.04333519947212 -66.984214112258 -66.9250308039625 -66.86644263995609 -66.80907111361864 -66.52113185406444 -66.10166933993833 -65.78297753054775 -65.44394906458069 -65.08162952002667 -64.69377513720576 -64.2822626543072 -63.77142453090002 -63.39677366899622 -63.11493616955286 -63.03986072287725 -62.96976671366647 -62.830191865122714 -62.77265074958845 -62.720032778394796 -62.672306846151 -62.62942395448263 -62.59132007518278 -62.497789633720004 -62.470791549438246 -62.44823092319052 -62.43000873762509 -62.416020138790685 -62.35494754838402 -62.35046151179944 -62.34981026840666 -62.35287852611236 -62.35954938739394 -62.36970493257127 -62.33990499791511 -62.39999634280923 -62.4616687806697 
-71.72770363678623 -71.62074822755264 -71.51349276697701 -71.4059531001183 -71.29814610923648 -71.19008976099934 -71.08180315508608 -70.97330657414741 -70.86462153506935 -70.7557708414725 -70.64677863736506 -70.5376704618482 -70.4284733047551 -70.31921566308304 -70.20992759805557 -70.10064079262659 -69.99138860921181 -69.88220614740345 -69.77313030139317 -69.63559466007047 -69.52579122526012 -69.41515966977508 -69.27371938306914 -69.19161260503998 -69.109786377896 -69.02827947597495 -68.94713234629086 -68.86638713615372 -68.78608771685796 -68.7062797028878 -68.62701046605466 -68.54832914395229 -68.47028664208656 -68.4325508686151 -68.43884089719984 -68.45061086645933 -68.46693180453852 -68.4869749226954 -68.55051845278368 -68.5354410750559 -68.4418186882817 -68.34974520917862 -68.25930887857254 -68.1705994917474 -68.08370823141556 -67.99872748181403 -67.91575062365553 -67.83487180983576 -67.75618572199284 -67.67978730822841 -67.60577150253371 -67.53423292671425 -67.46526557587 -67.39896248876474 -67.33541540469815 -67.27471440877864 -67.2169475677741 -67.16220055898827 -67.11055629486393 -67.0590950286801 -67.00498311092983 -66.9485530145788 -66.89027898260954 -66.83074110463892 -66.77058441366816 -66.71047892163452 -66.65108506682932 -66.59302706029933 -66.30452287106678 -65.8846189202485 -65.5656106956433 -65.22639193729873 -64.86400888788327 -64.4762180099238 -64.06489581940278 -63.554374111210194 -63.18016468599856 -62.898892116233526 -62.824503149750484 -62.75521483133852 -62.61656216653287 -62.56005665475524 -62.50858430415417 -62.462110303003726 -62.420581672278786 -62.38393015896966 -62.2919457506768 -62.26658274742155 -62.24574148103031 -62.229318046943234 -62.217202616774586 -62.15807258063637 -62.15559342410805 -62.157008326037555 -62.16219695902629 -62.17103743962113 -62.183406933852865 -62.199182196641885 -62.26102316787092 -62.32446833052495 
-71.64183302894995 -71.53340723933829 -71.42465181181552 -71.31558215585383 -71.20621473278717 -71.09656710540384 -70.98665798912677 -70.87650730475175 -70.76613623269927 -70.6555672687235 -70.54482428100397 -70.43393256852917 -70.32291892066107 -70.21181167774759 -70.10064079262659 -69.98943789283888 -69.87823634333921 -69.767071309463 -69.65597981987406 -69.51639567245749 -69.40451115861572 -69.29176632763554 -69.17821069300143 -69.09444830894705 -69.01094328757262 -68.92773500558471 -68.84486460494648 -68.76237502613563 -68.68031103751571 -68.59871926022808 -68.5176481879734 -68.43714820101539 -68.35727157370411 -68.31768771438885 -68.32211733315012 -68.3320163457586 -68.34645770229312 -68.36461468422456 -68.42626774474752 -68.36885373693565 -68.2727329217085 -68.17816531150373 -68.08524289469383 -67.99405941477667 -67.90471019900929 -67.81729196632244 -67.73190261411867 -67.64864098374278 -67.56760660462473 -67.48889941732907 -67.41261947600543 -67.33886663101171 -67.26774019278054 -67.1993385783102 -67.13375894198299 -67.07109679273876 -67.01144559995603 -66.95489639070658 -66.90153734134876 -66.84845384913268 -66.79281725375097 -66.73496482741757 -66.67537538729408 -66.61463333748861 -66.55338773214223 -66.49231227873435 -66.43207075513314 -66.36251733161043 -66.07341851616798 -65.65304984844104 -65.33370848104926 -64.99428935399874 -64.63183943429001 -64.24411542662381 -63.832993604808735 -63.32280503940274 -62.94906033109979 -62.66838238754465 -62.60548883805427 -62.53704818843835 -62.39936548500697 -62.34394888760494 -62.29368070883871 -62.24852211584249 -62.2084158150999 -62.17328897942224 -62.082926797161605 -62.059278579139885 -62.04023951321224 -62.025700430903356 -62.01554615405942 -61.958448670181866 -61.958068041018606 -61.961642030335014 -61.96904493249801 -61.98014954872178 -61.99482781648473 -62.05678773492238 -62.12045063804101 -62.185740424370834 
-71.55630804976175 -71.44639753149019 -71.33612678701527 -71.22551074230464 -71.11456538824106 -71.00330783262004 -70.89175635393704 -70.77993045694623 -70.66785092995826 -70.55553990383123 -70.44302091259246 -70.33031895561052 -70.21746056121722 -70.10447385165642 -69.99138860921181 -69.87823634333921 -69.76505035859785 -69.65186582314377 -69.53871983751213 -69.39704634665287 -69.2830378706744 -69.16813477595628 -69.08248490279766 -68.99702935368927 -68.91180625256823 -68.82685554186565 -68.7422190251701 -68.65794040667646 -68.57406532683203 -68.49064139354539 -68.40771820827928 -68.3253473863042 -68.24358257034885 -68.20209467644602 -68.20460606732652 -68.21257446168258 -68.22507476763937 -68.24128238414073 -68.30098004492214 -68.20080902559982 -68.10209984369669 -68.00494625686935 -67.90944415185709 -67.81569139134675 -67.72378763883106 -67.63383416074225 -67.54593360531291 -67.46018975781413 -67.37670727205094 -67.29559137825169 -67.2169475677741 -67.14088125536165 -67.06749742001827 -66.99690022592162 -66.92919262516224 -66.86447594446832 -66.80284945845167 -66.74440995227616 -66.68925127700098 -66.6344643836103 -66.56645300970209 -66.507105615933 -66.44613298129673 -66.38412419190661 -66.32173267010725 -66.25963614166213 -66.19850201872762 -66.13896068670039 -65.84923543569644 -65.42837710759824 -65.10868467100491 -64.76905437525352 -64.40653397786701 -64.01888044787859 -63.60796979476439 -63.098132298559904 -62.72487725062825 -62.444825742634606 -62.37192010164878 -62.30437205136613 -62.16771042297199 -62.11343974202293 -62.06443830284135 -62.02066290435795 -61.982051571051045 -61.95929951389988 -61.870640732813825 -61.84879214070946 -61.831643371707884 -61.819079582632924 -61.810979837238676 -61.75601031779328 -61.75782526825631 -61.76365665468498 -61.773373024266675 -61.786841509644404 -61.84886375524553 -61.912695527206466 -61.97825636515418 -62.045466249456354 
-71.47115883359385 -71.35974973512833 -71.2479488097508 -71.13577044980102 -71.02323012378977 -70.91034443080852 -70.79713115694284 -70.68360933368297 -70.5697992983132 -70.45572275624687 -70.34140284525782 -70.22686420154102 -70.11213302751429 -69.99723716125052 -69.88220614740345 -69.767071309463 -69.65186582314377 -69.53662479067671 -69.42138531573636 -69.27758142197038 -69.16140579058614 -69.07392141722883 -68.98656751143074 -68.89938076843171 -68.81239974269582 -68.72566489966727 -68.63921866504865 -68.553105471029 -68.4673717988378 -68.38206621694906 -68.29723941420727 -68.21294422709533 -68.12923566031458 -68.08578613940219 -68.08631969065476 -68.09229585658736 -68.10279153516532 -68.11698428640383 -68.13415799583456 -68.03130855677 -67.92991740807199 -67.83008211458417 -67.73190261411867 -67.63548106325362 -67.54092165913855 -67.44833043639991 -67.35781503841815 -67.26948446245947 -67.18344877839195 -67.09981882099726 -67.01870585620384 -66.94022122191345 -66.86447594446832 -66.79158033220435 -66.72164354795356 -66.65477316278847 -66.59107469373288 -66.5198781322452 -66.46282944512305 -66.40625258900317 -66.34733013615462 -66.28641018585128 -66.22398189422566 -66.1606394345481 -66.09704098056213 -66.03386863315029 -65.97179376500208 -65.91145027197325 -65.62106447247169 -65.19968972634157 -64.8796269860627 -64.53977393184579 -64.17717918531474 -63.789600004470884 -63.37891210982218 -62.86944491730327 -62.4967062874035 -62.2173153279075 -62.145211847923235 -62.07860454285429 -61.94301873342687 -61.889954984664456 -61.842287215770284 -61.79996747427623 -61.76292869750358 -61.73108771929276 -61.644218900935925 -61.62426032067853 -61.61986860698909 -61.60937680095307 -61.603430760029994 -61.55069042407598 -61.554803792706394 -61.56299662123675 -61.57513131269641 -61.63715131874238 -61.70109584939112 -61.76687982929653 -61.83441851277277 -61.903627738996704 
-71.38641647949603 -71.27349549445253 -71.16015006048224 -71.04639398397134 -70.93224215673476 -70.81771061283314 -70.70281658761806 -70.58757857901298 -70.47201641102674 -70.3561512994811 -70.24000591991881 -70.12360447764033 -70.0069727797952 -69.89013830943344 -69.77313030139317 -69.65597981987406 -69.53871983751213 -69.42138531573636 -69.30401328614809 -69.15803777589585 -69.06877602184 -68.97958032780036 -68.89048579291469 -68.80152940316006 -68.71275009174371 -68.62418879780256 -68.53588852286813 -68.44789438449646 -68.36025366640482 -68.27301586439813 -68.18623272730684 -68.09995829209822 -68.01424891226307 -67.96877851812533 -67.96727280425566 -67.97119315211864 -67.97961847608198 -67.99172853626123 -67.9659789761526 -67.86035622963047 -67.75618572199284 -67.65356895607155 -67.55261007447493 -67.45341570537482 -67.35609478217012 -67.26075833589786 -67.16751925944908 -67.07649204286957 -66.98779247929173 -66.90153734134876 -66.81784402826892 -66.73683018423154 -66.65861328898617 -66.57253722584053 -66.50026380702795 -66.4311343136651 -66.36526098016722 -66.30275348132992 -66.24371840406559 -66.18525919424121 -66.12456474984816 -66.06198928054403 -65.99802778898405 -65.9332799828818 -65.86840921111269 -65.80410234483833 -65.74103507903519 -65.67984514381484 -65.38876216754394 -64.96684226386083 -64.64638855596905 -64.30630029027407 -63.94362703444699 -63.556126362899164 -63.1456736797285 -62.63659745482252 -62.264403982475756 -61.985710199749064 -61.914453161956345 -61.84883825454233 -61.714386963977404 -61.662595532998154 -61.61633311052867 -61.575546568968946 -61.54016331119709 -61.5100943245308 -61.425107859878466 -61.40713566976322 -61.39405489342343 -61.3857379518297 -61.38205101910438 -61.331647317712196 -61.348941137224244 -61.35960558355484 -61.42154980060823 -61.48554277382081 -61.55149455095463 -61.61931536706442 -61.68891593630744 -61.76020772177972 
-71.30211305804087 -71.18766747560173 -71.07276379401705 -70.95741517920638 -70.8416358895679 -70.72544133518392 -70.60884813948903 -70.4918742034252 -70.37453877209637 -70.25686250392235 -70.13886754227514 -70.02057758956343 -69.90201798370987 -69.78321577694251 -69.66419981679525 -69.54500082918227 -69.42565150337765 -69.30618657869516 -69.18664293262063 -69.06705967010515 -68.97608293837268 -68.88514092673972 -68.7942688821716 -68.70350402098691 -68.61288559641747 -68.52245496479443 -68.43225564979872 -68.34233340414912 -68.25273626803829 -68.16351462355783 -68.07472124428526 -67.98641133913529 -67.89864258950772 -67.85109041829824 -67.84748218586049 -67.84928112094383 -67.85556817461702 -67.86552534052109 -67.79645306961979 -67.68795847133308 -67.58090729138829 -67.47540509946049 -67.37156039663407 -67.26948446245947 -67.1692911736082 -67.07109679273876 -66.97501972637573 -66.88118025084066 -66.78970020555485 -66.70070265336577 -66.61431150792774 -66.5198781322452 -66.43907288738833 -66.36124668760473 -66.28652249074807 -66.21502178135381 -66.14686402756399 -66.08216611925371 -66.0210417916278 -65.96060152153308 -65.89804106824892 -65.83372127940743 -65.76814351814122 -65.70191352113699 -65.63570028169292 -65.57019587957106 -65.5060807338512 -65.44399676898891 -65.15217723686871 -64.72968126768362 -64.4088143636819 -64.06847748841827 -63.70572124705561 -63.31830356104334 -62.908099487441376 -62.39943645864528 -62.02781905180052 -61.74986182492313 -61.679498816772366 -61.61493178927506 -61.48167803455763 -61.43122907125334 -61.38644883968584 -61.34727856783235 -61.313639629597844 -61.285436651822664 -61.20243124744067 -61.18654830768702 -61.1756579408202 -61.16962541951841 -61.16830970282453 -61.120356779476396 -61.129400735626405 -61.19118545508937 -61.26592624308864 -61.33198201328557 -61.40003067528306 -61.46997748312276 -61.54172834138393 -61.615190090093165 
-71.2177419642671 -71.10175972158805 -70.98528469663097 -70.86832935817702 -70.75090727210977 -70.63303316297456 -70.51472297824483 -70.39599395533787 -70.27686469141122 -70.15735521595849 -70.03748706620806 -69.91728336531 -69.79676890327687 -69.67597022061989 -69.55491569459627 -69.4336356279519 -69.31216234001059 -69.19053025992233 -69.06877602184 -68.97608293837268 -68.88335798829283 -68.79063452097427 -68.6979478628007 -68.60533539287971 -68.51283661827412 -68.42049324823651 -68.32834926686857 -68.23645100355702 -68.144847200465 -68.05358907628201 -67.96273038535602 -67.87232747125088 -67.78243931369042 -67.73274280737209 -67.72696696764098 -67.72657687093812 -67.73065551790657 -67.73838716235787 -67.62559325796158 -67.51412450330196 -67.40408728938851 -67.29559137825169 -67.18874978180219 -67.08367861169685 -66.98049689837788 -66.87932637759639 -66.780291242924 -66.68351786299999 -66.57836146621446 -66.48649777031383 -66.39728461153643 -66.31085350051032 -66.22733616051366 -66.14686402756399 -66.06956771798633 -65.99557646610455 -65.92501753537044 -65.85801560692144 -65.79469215022763 -65.73216526356552 -65.66763815667403 -65.601478896929 -65.53419577590554 -65.46640110685138 -65.39877004806937 -65.33200037494169 -65.26677767775834 -65.20374847650214 -64.91114999630071 -64.48804467723548 -64.16674063332863 -63.82614071401716 -63.46329666420789 -63.075966786642255 -62.66602575708811 -62.15779986819717 -61.78679181123252 -61.50961353243636 -61.44019576067947 -61.376736284645716 -61.24474780093408 -61.19571665696773 -61.15250109745017 -61.115036185353915 -61.08323671802299 -61.057000393855105 -60.97608160604048 -60.96239779535475 -60.95381144862665 -60.95018010426915 -60.95135493006276 -60.905974119435655 -60.96750413729137 -61.03136255924318 -61.097448887637796 -61.16566240517898 -61.235902557165446 -61.318842303683056 -61.39283646261018 -61.468559988026755 
-71.13279872303985 -71.01526845961118 -70.89720969554 -70.77863414368261 -70.65955461596869 -70.53998508726275 -70.41994076218589 -70.29943814496039 -70.17849511232887 -70.05713098958839 -69.93536662976484 -69.8132244959366 -69.69072874669618 -69.56790532471516 -69.44478204835227 -69.32138870621273 -69.19775715453349 -69.07392141722883 -68.97958032780036 -68.88514092673972 -68.79063452097427 -68.6960943875132 -68.60155585648002 -68.50705639456245 -68.41263568842726 -68.31833572757986 -68.22420088607919 -68.13027800244015 -68.03661645697619 -67.94326824574807 -67.85028805019613 -67.75773330144082 -67.66566423814137 -67.61375919631018 -67.60574882597359 -67.60310004247592 -67.60489790017675 -67.56927070940824 -67.45341570537482 -67.33886663101171 -67.22573384964605 -67.11413143618196 -67.00417706283247 -66.89599185363213 -66.78970020555485 -66.68542957419845 -66.57253722584053 -66.47270193235272 -66.37528566248017 -66.28042519553037 -66.18825871180746 -66.09892533793897 -66.01256465139244 -65.92931614547084 -65.84931865677297 -65.77270975784683 -65.69962511853777 -65.6301978403211 -65.56455776869737 -65.49983127192425 -65.43322965909601 -65.36512885967716 -65.29604472223326 -65.22659674384718 -65.15746682625743 -65.08935898253873 -65.02296447260193 -64.95893485977626 -64.66551173326096 -64.24176117115078 -63.919994159774376 -63.57911562345154 -63.21617856141094 -62.82894169607661 -62.419279283533854 -61.91151636211248 -61.54115354819277 -61.26479991571048 -61.19638255552309 -61.13409489224273 -61.003444579122146 -60.955912293963536 -60.91435004377789 -60.878686148102105 -60.84882822044497 -60.824666402213836 -60.745947224510246 -60.73458002875441 -60.728419031793976 -60.72731339601145 -60.7311058688494 -60.73963423780182 -60.80328710579556 -60.86931958673608 -60.937625022267156 -61.008096689679235 -61.080628210980876 -61.15511393175137 -61.2314492687901 -61.32030402241554 
-71.04732178390012 -70.92823289781091 -70.80857875776667 -70.68837025985763 -70.56761939833171 -70.44633933168734 -70.32454445198826 -70.20225045748455 -70.07947442861388 -69.95623490744771 -69.83255198063242 -69.7084473658602 -69.58394450188467 -69.45906864207501 -69.33384695147478 -69.20830860730274 -69.08248490279766 -68.98656751143074 -68.89048579291469 -68.7942688821716 -68.6979478628007 -68.60155585648002 -68.50512811367702 -68.40870210528576 -68.31231761474211 -68.21601683009735 -68.11984443545302 -68.02384770107616 -67.92807657142379 -67.83258375021157 -67.73742478155921 -67.64265812614173 -67.54834523116585 -67.49416583248359 -67.48385218363006 -67.47887301946221 -67.4783154420069 -67.39896248876474 -67.27994006649845 -67.16220055898827 -67.04585838655365 -66.93103205055596 -66.81784402826892 -66.70642063421798 -66.59689184542134 -66.47861809174302 -66.37328198718234 -66.27025005488517 -66.16966437114246 -66.07166918189068 -65.9764104690046 -65.88403546980896 -65.79469215022763 -65.70852863271008 -65.62569258086711 -65.54633054359422 -65.47058726235576 -65.3986049462217 -65.33052252017296 -65.26347533553286 -65.19468351625937 -65.12453156406804 -65.05354358111896 -64.98234692286073 -64.91163087826388 -64.84210630252707 -64.77447068183199 -64.70938112371235 -64.41508401909061 -63.99064945188465 -63.66839157301038 -63.32721759383185 -62.96418189657132 -62.577043666456944 -62.16767669676983 -61.660404642846345 -61.290725834022425 -61.01524617964657 -60.947888764753145 -60.88684221223107 -60.75760863112862 -60.71166247297708 -60.671848902663584 -60.638088852492984 -60.61028207760833 -60.58831046582242 -60.51191197598581 -60.502987134655 -60.49938117561197 -60.500934181758794 -60.50747979294357 -60.57081729329519 -60.63669901628472 -60.705012056434555 -60.775643157433024 -60.848479182650124 -60.92340755255191 -61.00031664753749 -61.07909617532661 -61.15963750257745 
-70.99198311851248 -70.87132582455172 -70.75006549147741 -70.6282121357961 -70.50577686812906 -70.3827719614456 -70.25921092278716 -70.13510856858917 -70.0104811037005 -69.88534620419063 -69.75972310402244 -69.63363268565405 -69.50709757461519 -69.38014223808185 -69.25279308744868 -69.12507858486774 -68.99702935368927 -68.89938076843171 -68.80152940316006 -68.70350402098691 -68.60533539287971 -68.50705639456245 -68.40870210528576 -68.31030990809711 -68.21191959117436 -68.11357344970807 -68.01531638773508 -67.91719601923421 -67.81926276769664 -67.72156996327766 -67.62417393652453 -67.52713410755587 -67.4305130694444 -67.37399190403005 -67.36130442484645 -67.35392115471285 -67.35093122545365 -67.22748965327534 -67.10518981940388 -66.98414573285046 -66.86447594446832 -66.74630348645505 -66.62975577900036 -66.50419150467599 -66.39129242563916 -66.28042519553037 -66.17173309027515 -66.06536271009227 -65.96146362863752 -65.86018799120436 -65.7616900607689 -65.666125711282 -65.5736518683245 -65.4844258980485 -65.3986049462217 -65.31634523016058 -65.23780128736917 -65.16312518577038 -65.09246570150421 -65.02296795377595 -64.95186167128864 -64.87954071419392 -64.80653821141885 -64.73349012722392 -64.66109385560637 -64.59006776909914 -64.52111620305982 -64.45490237054457 -64.15967795531589 -63.734517460303096 -63.411738529634334 -63.07025090041603 -62.707110482691974 -62.3200769730411 -61.911023653393784 -61.40427265126479 -61.035319770247696 -60.76076742647879 -60.69453428598098 -60.63480367880314 -60.50707160847111 -60.46280567734027 -60.42484353296348 -60.39309800261887 -60.36746023263757 -60.347803084065504 -60.27385515731706 -60.26750737420369 -60.266595200625375 -60.27094886832518 -60.333845694997024 -60.39946548789604 -60.46768880127223 -60.53839547947007 -60.611465198325135 -60.686777970539566 -60.76421461290508 -60.843657173985264 -60.924989321550754 -61.008096689679235 
-70.90601484559139 -70.78378023510206 -70.6609037746365 -70.53739453642044 -70.41326267937882 -70.28851951939637 -70.1631776033436 -70.03725078699966 -69.91075431699949 -69.78370491692351 -69.65612087763819 -69.52802215198287 -69.3994304538817 -69.27036936193963 -69.14086442755737 -69.01094328757262 -68.91180625256823 -68.81239974269582 -68.71275009174371 -68.61288559641747 -68.51283661827412 -68.41263568842726 -68.31231761474211 -68.21191959117436 -68.1114813088335 -68.01104506826911 -67.91065589238946 -67.81036163932242 -67.71021311442149 -67.61026418050366 -67.51057186528027 -67.41119646480959 -67.31220164165919 -67.25326975592193 -67.23813612366664 -67.22827301024805 -67.18168079690406 -67.0548835817064 -66.92919262516224 -66.80472571026331 -66.68160557814477 -66.54918688802519 -66.42914812408 -66.31085350051032 -66.19444478823453 -66.08006811454925 -65.96787371055154 -65.85801560692144 -65.75065127534421 -65.64594121329205 -65.54404847043384 -65.44513811560839 -65.34937664408031 -65.25693132569629 -65.16796949556826 -65.08265779001496 -65.0011613316814 -64.92364286900101 -64.85026187644374 -64.7781741057027 -64.70461976322892 -64.63000293912654 -64.55486664853802 -64.47985630082124 -64.40567819672742 -64.33305898183801 -64.26271053913445 -64.19530281759504 -63.89909334613898 -63.4731615119174 -63.14982882261009 -62.80800781024888 -62.444756076098855 -62.05783388287395 -61.64911394636954 -61.14291670287906 -60.774735161070794 -60.501167873529255 -60.43612862205558 -60.37779489154201 -60.251655949592134 -60.209171850937594 -60.17317197008262 -60.14356022755149 -60.12021832457788 -60.10300923599226 -60.03165133225659 -60.02802505743435 -60.02995524493761 -60.0922684750291 -60.15749889174094 -60.22552024019558 -60.29620510814115 -60.36942554901975 -60.445053666175966 -60.52296215520977 -60.60302480238445 -60.6851169378464 -60.76911584318407 -60.854901113541075 
-70.81962242350912 -70.6958025258941 -70.57130095114226 -70.4461257607403 -70.32028609183607 -70.19379222939043 -70.0666556823721 -69.93888926415516 -69.81050717727445 -69.68152510268922 -69.55196029369603 -69.42183167462068 -69.2911599444063 -69.15996768519435 -69.02827947597495 -68.92773500558471 -68.82685554186565 -68.72566489966727 -68.62418879780256 -68.52245496479443 -68.42049324823651 -68.31833572757986 -68.21601683009735 -68.11357344970807 -68.01104506826911 -67.90847387885393 -67.80590491044259 -67.7033861533418 -67.60096868453681 -67.49870679204989 -67.39665809724224 -67.29488367384775 -67.1934481623694 -67.13203511790519 -67.11438128588264 -67.10196061300297 -67.01144559995603 -66.88118025084066 -66.75198071554522 -66.62396856271141 -66.48649777031383 -66.36124668760473 -66.2375799968815 -66.1156405979674 -65.99557646610455 -65.87754045728931 -65.7616900607689 -65.64818709498306 -65.53719734356122 -65.42889012843267 -65.32343781768427 -65.22101526651579 -65.12179919049873 -65.0259674713422 -64.93369839650313 -64.84516983523613 -64.76055835504525 -64.68003828394765 -64.60378072546229 -64.52895301718345 -64.4528068093027 -64.37575738929371 -64.29835861532734 -64.22126627537594 -64.14519647405982 -64.07088497748543 -63.999052001036716 -63.93037493913991 -63.63311778842055 -63.2063653452569 -62.88244339922932 -62.540267581596225 -62.17689736965153 -61.790093654221295 -61.381728522988766 -60.87612053621859 -60.50875960335236 -60.23623999507413 -60.172470083957876 -60.115620887189436 -59.99117422692453 -59.950581825492264 -59.91666393687197 -59.88931467771866 -59.86840537065166 -59.85378814747304 -59.78517018127516 -59.78442047238096 -59.845987144355206 -59.91068215983594 -59.978372225400705 -60.04892233528696 -60.12219648839704 -60.198058363870416 -60.27637195108662 -60.357002131068754 -60.439815207303894 -60.524679384957295 -60.611465198325135 -60.70004588713272 
-70.73285632646349 -70.60744417222242 -70.4813095102844 -70.3544593233174 -70.22690165473853 -70.09864568259536 -69.96970179777034 -69.84008168669666 -69.70979841877258 -69.57886653865702 -69.44730216362382 -69.31512308614305 -69.18234888184583 -69.04900102301414 -68.94713234629086 -68.84486460494648 -68.7422190251701 -68.63921866504865 -68.53588852286813 -68.43225564979872 -68.32834926686857 -68.22420088607919 -68.11984443545302 -68.01531638773508 -67.91065589238946 -67.80590491044259 -67.70110835162302 -67.59631421313506 -67.49157371927785 -67.38694146098337 -67.28247553419632 -67.17823767585398 -67.07429339604832 -67.01032734436691 -66.99007760479788 -66.97501972637573 -66.84026993727329 -66.70642063421798 -66.5628183140403 -66.4311343136651 -66.30072686683289 -66.17173309027515 -66.04429594964353 -65.91856417863443 -65.79469215022763 -65.6728396952908 -65.5531718638779 -65.43585862473364 -65.32107449882454 -65.20899812316176 -65.09981174177844 -64.99370062148421 -64.89085239094783 -64.79145630276048 -64.69570241940224 -64.60378072546229 -64.51588017003297 -64.43218764488148 -64.35288690576576 -64.27515792849158 -64.19626487710835 -64.11663531179016 -64.03683500059566 -63.95753115396164 -63.87945068611779 -63.80333943599737 -63.72992683506024 -63.659898523564834 -63.361525669205264 -62.933899071512286 -62.609349275725066 -62.26679535720314 -61.90329887882629 -61.516621429828234 -61.108634399484515 -60.60365426247395 -60.237167484137075 -59.965763579499054 -59.90334491798137 -59.848075345701375 -59.725428438982505 -59.686846704077965 -59.655140322140284 -59.63019260021508 -59.61186343845728 -59.599993058781166 -59.534276361578605 -59.59491071678846 -59.658903087541006 -59.72611297184318 -59.79639746986925 -59.869612108736504 -59.94561162380816 -60.02425069089111 -60.10538460504347 -60.188869902995265 -60.274564927384034 -60.3623303321007 -60.45202952901121 -60.54352907716162 
-70.67818906724145 -70.55117875239694 -70.42340411251473 -70.29487098190612 -70.16558623659358 -70.03555786973308 -69.90479507163957 -69.77330831463482 -69.64110944293691 -69.5082117678107 -69.37463016819478 -69.24038119701441 -69.10548319338218 -68.96995640087405 -68.86638713615372 -68.76237502613563 -68.65794040667646 -68.553105471029 -68.44789438449646 -68.34233340414912 -68.23645100355702 -68.13027800244015 -68.02384770107616 -67.91719601923421 -67.81036163932242 -67.7033861533418 -67.59631421313506 -67.48919368329783 -67.38207579598668 -67.27501530670946 -67.16807065001942 -67.06130409385361 -66.95478189106151 -66.88818966606067 -66.86526673091879 -66.80660140983011 -66.66820349280093 -66.5198781322452 -66.3832940697323 -66.24780739312612 -66.11355358657417 -65.98067456366502 -65.84931865677297 -65.71964056095223 -65.591801226928 -65.46596769765023 -65.34231288289274 -65.22101526651579 -65.10225854128333 -64.9862311665573 -64.87312584479676 -64.76313891358717 -64.65646965092347 -64.5533194926787 -64.45389116260606 -64.35838771683862 -64.26701150664942 -64.17996306518839 -64.09743992597964 -64.0166358655305 -63.9348287485565 -63.852459604842466 -63.77010730376492 -63.68845164750101 -63.60823148958349 -63.53020381409388 -63.45510826580545 -63.38363963579735 -63.084077059435714 -62.65551801299202 -62.330298335262654 -61.98734093759876 -61.6237097067237 -61.23716701022386 -60.82958345902213 -60.325273203953714 -59.959718874367525 -59.68950469173157 -59.62852634872661 -59.57493972379788 -59.45420924244823 -59.417767197617366 -59.38841262530951 -59.366016893267386 -59.350427309905456 -59.34147099582009 -59.33895834711433 -59.402056590480186 -59.46861493758851 -59.53848235179072 -59.61150550288616 -59.68752967051401 -59.76639959536854 -59.84796027228586 -59.93205768083172 -60.01853945051286 -60.10725545911069 -60.198058363870416 -60.29080406636348 -60.3853521127628 
-70.59120166255516 -70.46258841430577 -70.33316805746387 -70.20294520717619 -70.07192549688588 -69.94011565507961 -69.80752358691561 -69.67415846098345 -69.54003080145011 -69.40515258584935 -69.26953734877097 -69.1332002917047 -68.9961583992872 -68.89137602866145 -68.78608771685796 -68.68031103751571 -68.57406532683203 -68.4673717988378 -68.36025366640482 -68.25273626803829 -68.144847200465 -68.03661645697619 -67.92807657142379 -67.81926276769664 -67.71021311442149 -67.60096868453681 -67.49157371927785 -67.38207579598668 -67.27252599901865 -67.16297909285845 -67.05349369638111 -66.94413245699775 -66.83496222320966 -66.76566945346303 -66.73999455553039 -66.63746390117657 -66.4845287638924 -66.3431510126945 -66.20268356020588 -66.06325916518713 -65.92501753537044 -65.78810539074487 -65.65267648525835 -65.5188915809351 -65.38691836815792 -65.25693132569629 -65.12911151400007 -65.00364629534408 -64.88072897462953 -64.76055835504525 -64.64333820339186 -64.52927662069308 -64.41858531478181 -64.31147877286227 -64.20817333362069 -64.10888616027776 -64.01383411803323 -63.923232561614185 -63.83729404106248 -63.75322741886001 -63.66832557807058 -63.58304435213506 -63.497977044404195 -63.41381736091574 -63.33131736593907 -63.25124639876162 -63.17435544544719 -63.10134947363801 -62.80051649086349 -62.37096141607927 -62.04502599401033 -61.70163741854333 -61.33786217189126 -60.951463491168425 -60.54431111776981 -60.04071660704096 -59.6761583057953 -59.40721452957223 -59.34777352836832 -59.295982308465625 -59.177295118803784 -59.1431329110321 -59.11628236594882 -59.09660164056001 -59.08392413941954 -59.07806254914959 -59.14004748993523 -59.205757177378814 -59.275032281441355 -59.34771028365347 -59.42362652104782 -59.50261517573037 -59.584510201936496 -59.66914618435112 -59.75635912332589 -59.845987144355206 -59.937871130745634 -60.031855279805995 -60.12778758408584 -60.22552024019558 
-70.5039824903539 -70.37376273376802 -70.24269214356008 -70.1107740438477 -69.97801274900667 -69.84441364149771 -69.70998325484621 -69.5747293620596 -69.4386610697731 -69.30178891842127 -69.1641249887351 -69.02568301486758 -68.91977720155228 -68.81330449995946 -68.7062797028878 -68.59871926022808 -68.49064139354539 -68.38206621694906 -68.27301586439813 -68.16351462355783 -68.05358907628201 -67.94326824574807 -67.83258375021157 -67.72156996327766 -67.61026418050366 -67.49870679204989 -67.38694146098337 -67.27501530670946 -67.16297909285845 -67.05088741878515 -66.93879891365111 -66.82677643184616 -66.71488724827128 -66.64281849134838 -66.61431150792774 -66.4568986031573 -66.31085350051032 -66.16552491712736 -66.0210417916278 -65.87754045728931 -65.73516478113177 -65.59406626666475 -65.4544041139435 -65.31634523016058 -65.18006418364018 -65.04574309382838 -64.91357144970647 -64.78374584902829 -64.65646965092347 -64.5319525347497 -64.4104099586481 -64.29206251208578 -64.17713515778354 -64.06585635984271 -63.95845709661529 -63.85516975890468 -63.75622693642629 -63.66186009807092 -63.57229817435112 -63.48476653584078 -63.39657454851013 -63.30819433835384 -63.220235135701444 -63.13340602555138 -63.04847371676772 -62.96622127234619 -62.88741229852258 -62.812763105032104 -62.510571601263024 -62.07995102219843 -61.75324971761049 -61.40939967420496 -61.04547028030129 -60.65922574683006 -60.252534841369936 -59.749706213160124 -59.386213416194835 -59.118628160966324 -59.060830381443736 -59.01095718205019 -58.89445146963246 -58.862721575667706 -58.83854045724607 -58.82175162677876 -58.81217310985909 -58.87279393851054 -58.93742827490033 -59.005908462558835 -59.07806254914959 -59.15371549148682 -59.232690305508214 -59.314809150154844 -59.399894336458374 -59.48776925542879 -59.57825922050421 -59.6711922223229 -59.76639959536854 -59.863716597602064 -59.962982905515844 -60.064043028129106 
-70.41659339668902 -70.28476482223067 -70.15204077677762 -70.0184232207373 -69.8839150718737 -69.74852028393789 -69.61224393071575 -69.47509229581186 -69.33707296849838 -69.19819494596834 -69.05846874233913 -68.95152997974171 -68.84396574625865 -68.73578805611521 -68.62701046605466 -68.5176481879734 -68.40771820827928 -68.29723941420727 -68.18623272730684 -68.07472124428526 -67.96273038535602 -67.85028805019613 -67.73742478155921 -67.62417393652453 -67.51057186528027 -67.39665809724224 -67.28247553419632 -67.16807065001942 -67.05349369638111 -66.93879891365111 -66.82404474603777 -66.70929405975565 -66.59461436276504 -66.5196932639474 -66.4370891708798 -66.28652249074807 -66.1364732063605 -65.98706536068954 -65.838430751797 -65.69070914753846 -65.54404847043384 -65.3986049462217 -65.25454320903646 -65.11203635560236 -64.9712659403479 -64.83242190293507 -64.69570241940224 -64.56131366796774 -64.42946950057404 -64.30039101150544 -64.17430599492587 -64.05144828399636 -63.93205696537672 -63.8163754644244 -63.7046504982919 -63.59713089640124 -63.49406629043253 -63.395705678973144 -63.302295875290156 -63.21108033266921 -63.11938652946594 -63.02770454816525 -62.93666122140678 -62.84698267454499 -62.759451881427 -62.6748671799709 -62.59400625011412 -62.51759807150373 -62.21395163082937 -61.78218947774198 -61.45466736756066 -61.11032266468416 -60.7462280198001 -60.36014873730926 -59.95395249132014 -59.451944668703675 -59.08959344576118 -58.82346312743795 -58.76742433303528 -58.719603089674905 -58.60542963429171 -58.57629822466134 -58.554966542951405 -58.541261836590195 -58.60023161985467 -58.66352998152621 -58.730981077922166 -58.802403403612345 -58.877611179988605 -58.95641569048314 -59.03862654760445 -59.12405287979033 -59.212504428895244 -59.303792551841894 -59.39773112250134 -59.49413733216812 -59.59283238902901 -59.6936421187647 -59.79639746986925 -59.90093492842354 
-70.36301855296296 -70.2295801846162 -70.09520082929521 -69.95988101046754 -69.82362217096127 -69.68642675209264 -69.54829827846339 -69.40924144878227 -69.26926223307888 -69.12836797669266 -68.98656751143074 -68.87800521697122 -68.76877068360153 -68.65887458978878 -68.54832914395229 -68.43714820101539 -68.3253473863042 -68.21294422709533 -68.09995829209822 -67.98641133913529 -67.87232747125088 -67.75773330144082 -67.64265812614173 -67.52713410755587 -67.41119646480959 -67.29488367384775 -67.17823767585398 -67.06130409385361 -66.94413245699775 -66.82677643184616 -66.70929405975565 -66.59174799924054 -66.47420577189905 -66.38558225344784 -66.27025005488517 -66.1156405979674 -65.96146362863752 -65.8078452802473 -65.65491999495666 -65.50283078949053 -65.35172949226364 -65.20177694478883 -65.05314315957057 -64.90600742599085 -64.76055835504525 -64.6169938532152 -64.47552101530061 -64.33635592572497 -64.19972335771007 -64.06585635984271 -63.93499571997444 -63.80738929715551 -63.68329121345289 -63.56296089908034 -63.44666198630958 -63.33466105015077 -63.227226196789815 -63.12462550422643 -63.02712532342085 -62.9319889348852 -62.83656374408804 -62.74135965198306 -62.647022976461955 -62.55429875796827 -62.463988070402735 -62.37690628904352 -62.293846823745895 -62.21555284086631 -61.91034575003886 -61.4773585608896 -61.14895535368041 -60.804079542976325 -60.43980745175139 -60.05390561560142 -59.648240477439884 -59.14711375185129 -58.78598756497067 -58.52141789680053 -58.467264906667054 -58.42164219874752 -58.309965823267476 -58.283614308084594 -58.26532829800658 -58.322318881691615 -58.38398171573945 -58.45013314389331 -58.520582169016876 -58.59513204915561 -58.67358184555138 -58.75572790286745 -58.84136524525056 -58.93028887529604 -59.0222949663557 -59.11718194183652 -59.214751438092634 -59.314809150154844 -59.417165561836185 -59.52163656367841 -59.628043963763616 -59.736215897623396 
-70.27575321352958 -70.14070547726303 -70.00467039797905 -69.86764698872281 -69.72963513859105 -69.59063569201808 -69.45065053396945 -69.30968268143303 -69.16773638161652 -69.02481721727818 -68.91535052217421 -68.80515557116962 -68.69424020003541 -68.58261364235648 -68.47028664208656 -68.35727157370411 -68.24358257034885 -68.12923566031458 -68.01424891226307 -67.89864258950772 -67.78243931369042 -67.66566423814137 -67.54834523116585 -67.4305130694444 -67.31220164165919 -67.1934481623694 -67.07429339604832 -66.95478189106151 -66.83496222320966 -66.71488724827128 -66.59461436276504 -66.47420577189905 -66.34295576703803 -66.26209822872437 -66.10310826505486 -65.94433848771118 -65.7859082904879 -65.62794560872592 -65.47058726235576 -65.31397927905405 -65.15827719068514 -65.00364629534408 -64.85026187644374 -64.69830936942111 -64.54798446580182 -64.39949314358915 -64.25305161227794 -64.10888616027776 -63.96723289221683 -63.82833734354841 -63.692453960153244 -63.55984543129293 -63.430781865377924 -63.30553979963216 -63.18440103690827 -63.06765130567007 -62.95557874251992 -62.84847220060041 -62.74661939168931 -62.647305357191215 -62.547899452530885 -62.448933483358076 -62.35107537248095 -62.255091194913945 -62.16180220731363 -62.07204282956408 -61.9866240935537 -61.906305089885194 -61.59942119619785 -61.165117199681134 -60.835766564877844 -60.49031953225551 -60.12585657030644 -59.74014560488061 -59.33505168863732 -58.8348723906428 -58.47506301112966 -58.212170145819414 -58.16004217647486 -58.116778739268085 -58.00777996017834 -57.9844067450303 -58.0390429904119 -58.09872610842396 -58.163265321594224 -58.23246045427163 -58.30610376071027 -58.38398171573945 -58.46587674194558 -58.55156885123861 -58.640837182826544 -58.733461423793074 -58.82922310251544 -58.92790674894297 -59.02930091919197 -59.133199084931306 -59.239400390605596 -59.34771028365347 -59.457941024539906 -59.56991208465877 
-70.18849025848522 -70.05183505077301 -69.91414534747665 -69.77541857780787 -69.63565299820482 -69.49484777140606 -69.35300305165106 -69.21012007643327 -69.06620126525513 -68.95592360915532 -68.84486460494648 -68.73302930071756 -68.62042400506107 -68.50705639456245 -68.39293562901227 -68.27807247478603 -68.16247943684323 -68.04617089979939 -67.92916327852254 -67.81147517869545 -67.6931275677693 -67.57414395670739 -67.45455059288079 -67.33437666442725 -67.21365451631911 -67.09241987830237 -66.97071210476409 -66.84857442645784 -66.72605421386024 -66.60320325174558 -66.48007802434458 -66.34596701384501 -66.22248298912157 -66.09892533793897 -65.93575862881539 -65.77270975784683 -65.6098990430877 -65.44745587858438 -65.28551913841827 -65.1242375640629 -64.96377012780098 -64.80428636393376 -64.64596665846406 -64.4890024868659 -64.33359658849537 -64.17996306518839 -64.02832739067148 -63.878926316639394 -63.73200766078685 -63.5878299617915 -63.44666198630958 -63.30878207354195 -63.17447730394173 -63.04404248024227 -62.91777891125483 -62.79599299187586 -62.678994576482125 -62.56709514738131 -62.46060578518552 -62.35683543623546 -62.253177662540395 -62.150188514764665 -62.04855991055581 -61.94908136026882 -61.852596672293146 -61.75996160283992 -61.67200697330475 -61.589509794742554 -61.280821192314335 -60.84509925146651 -60.51472804570167 -60.16866553932769 -59.80399689459432 -59.41849161195279 -59.01401316946115 -58.5148544424282 -58.156463007246145 -57.895374850676774 -57.845425056225906 -57.804697512543925 -57.69857442515789 -57.750427727703595 -57.80773581497601 -57.87030190021562 -57.93791728699034 -58.010363452889294 -58.08741411411958 -58.16883723684768 -58.25439696564132 -58.343855444302164 -58.436974509490256 -58.53351724260244 -58.63324937019817 -58.73594050772252 -58.84136524525056 -58.94930407741117 -59.0595441825061 -59.17188005812656 -59.28611402230655 -59.402056590480186 
